object x y z qx qy qz qw
007_tuna_fish_can -0.0196  -0.0127  0.0050  0.0089  0.0522  0.0332 
008_pudding_box 2.0000  2.0000  0.0004  0.0077  -0.0005  -0.0000 
011_banana 4.0000  4.0000  0.0003  -0.0008  -0.0016  0.0000 
024_bowl 0.1751  -0.2289  0.0360  -0.2034  0.0883  -0.0514 
025_mug 0.2715  -0.2576  0.0114  0.1434  -0.0893  0.0513 
044_flat_screwdriver 10.0000  10.0000  0.0004  -0.0013  -0.0013  0.0000 
051_large_clamp 0.0379  0.0257  -0.0006  -0.0418  -0.0241  -0.0286 
055_baseball 0.0089  0.0038  0.0309  -0.0167  0.0126  -0.0034 
061_foam_brick 16.0000  16.0000  0.0002  -0.0002  0.0103  0.0000 
065-h_cups 18.0000  18.0000  0.0006  -0.0006  -0.0000  -0.0000 