object x y z qx qy qz qw
007_tuna_fish_can -0.0079  -0.0334  0.0032  -0.0018  0.0015  0.0036 
008_pudding_box -0.1223  0.1663  0.0005  -0.0006  -0.0022  0.0014 
011_banana 4.0000  4.0000  0.0004  0.0010  -0.0011  0.0000 
024_bowl -0.2453  0.2459  0.0005  -0.0013  -0.0013  0.0000 
025_mug 0.2735  0.2735  0.0005  -0.0008  -0.0001  -0.0000 
044_flat_screwdriver -0.0449  0.0379  0.0004  -0.0047  -0.0018  -0.0025 
051_large_clamp 12.0000  12.0000  0.0003  -0.0016  -0.0004  -0.0000 
055_baseball 14.0000  14.0000  -0.0001  -0.0031  0.0006  0.0000 
061_foam_brick -0.0843  -0.0839  0.0002  -0.0013  0.0024  0.0001 
065-h_cups 18.0000  18.0000  0.0006  -0.0007  -0.0019  0.0000 