object x y z qx qy qz qw
007_tuna_fish_can -0.2677  -0.2677  0.0032  -0.0000  0.0000  -0.0000 
008_pudding_box -0.2123  0.2118  0.0005  0.0001  0.0000  -0.0000 
011_banana 0.1208  0.1193  0.0009  0.0005  0.0016  0.0004 
024_bowl 6.0000  6.0000  0.0005  -0.0000  -0.0000  -0.0000 
025_mug 0.2514  -0.2514  0.0005  -0.0000  -0.0000  0.0000 
044_flat_screwdriver -0.0466  0.0463  0.0004  -0.0001  -0.0001  -0.0000 
051_large_clamp 12.0000  12.0000  0.0003  -0.0001  -0.0000  -0.0000 
055_baseball 14.0000  14.0000  0.0002  -0.0001  0.0000  0.0000 
061_foam_brick -0.1042  -0.1042  0.0003  -0.0000  0.0001  0.0000 
065-h_cups 0.1625  0.1680  0.0349  -0.0007  -0.0018  -0.0005 