object x y z qx qy qz qw
007_tuna_fish_can 0.1367  0.1360  0.0032  -0.0001  0.0000  -0.0000 
008_pudding_box -0.1921  0.1921  0.0005  0.0001  -0.0001  0.0000 
011_banana 4.0000  4.0000  0.0003  0.0005  -0.0004  -0.0000 
024_bowl 6.0000  6.0000  0.0005  -0.0001  -0.0001  -0.0000 
025_mug -0.1623  -0.1623  0.0005  -0.0001  -0.0000  0.0000 
044_flat_screwdriver 0.0063  0.0017  0.0004  -0.0002  -0.0002  0.0000 
051_large_clamp 0.0774  -0.0828  0.0003  -0.0002  -0.0001  0.0001 
055_baseball 14.0000  14.0000  0.0002  -0.0003  0.0001  0.0000 
061_foam_brick 0.2080  -0.2080  0.0003  -0.0001  0.0003  0.0000 
065-h_cups 18.0000  18.0000  0.0006  -0.0001  -0.0002  -0.0000 