object x y z qx qy qz qw
007_tuna_fish_can -0.0206  -0.0120  0.0033  -0.0014  0.0026  -0.0012 
008_pudding_box 2.0000  2.0000  0.0005  0.0000  -0.0001  0.0000 
011_banana 4.0000  4.0000  0.0003  0.0003  -0.0003  -0.0000 
024_bowl 6.0000  6.0000  0.0005  -0.0001  -0.0000  -0.0000 
025_mug -0.1543  -0.1543  0.0005  -0.0000  -0.0000  0.0000 
044_flat_screwdriver 10.0000  10.0000  0.0004  -0.0001  -0.0001  -0.0000 
051_large_clamp 0.1031  0.1031  0.0003  -0.0001  -0.0000  -0.0000 
055_baseball 14.0000  14.0000  0.0002  -0.0002  0.0000  0.0000 
061_foam_brick 0.0416  -0.0206  0.0005  0.0014  -0.0019  0.0002 
065-h_cups -0.2428  -0.2428  0.0006  -0.0001  -0.0001  -0.0000 