object x y z qx qy qz qw
007_tuna_fish_can 0.1474  0.1333  0.0044  -0.0028  -0.0015  0.0063 
008_pudding_box 0.0616  0.0465  0.0005  0.0027  0.0010  -0.0052 
011_banana 4.0000  4.0000  0.0004  0.0001  -0.0000  -0.0000 
024_bowl -0.0611  0.0172  0.0347  -0.0051  -0.0038  0.0011 
025_mug 8.0000  8.0000  0.0005  -0.0000  0.0000  0.0000 
044_flat_screwdriver 0.2912  -0.2904  0.0004  -0.0000  -0.0000  -0.0000 
051_large_clamp -0.0286  -0.0374  0.0008  0.0030  0.0051  -0.0012 
055_baseball 0.2569  -0.2638  0.0001  -0.0000  -0.0000  -0.0000 
061_foam_brick -0.0707  0.0675  0.0232  0.0013  -0.0005  -0.0010 
065-h_cups 0.2408  0.2408  0.0006  -0.0000  -0.0000  -0.0000 