object x y z qx qy qz qw
007_tuna_fish_can -0.0026  0.0036  0.0032  0.0004  0.0004  -0.0004 
008_pudding_box 2.0000  2.0000  0.0005  0.0001  -0.0001  0.0000 
011_banana -0.1367  0.1367  0.0003  0.0004  -0.0003  -0.0000 
024_bowl 6.0000  6.0000  0.0005  -0.0001  -0.0000  -0.0000 
025_mug 0.2220  0.2237  0.0014  0.0050  -0.0035  -0.0005 
044_flat_screwdriver 10.0000  10.0000  0.0004  -0.0001  -0.0002  -0.0000 
051_large_clamp 0.2870  0.2861  0.0014  -0.0058  0.0040  0.0012 
055_baseball 0.0302  -0.0323  0.0002  -0.0003  -0.0002  0.0003 
061_foam_brick 16.0000  16.0000  0.0003  -0.0001  0.0002  0.0000 
065-h_cups 18.0000  18.0000  0.0006  -0.0001  -0.0002  -0.0000 