object x y z qx qy qz qw
007_tuna_fish_can 0.2692  0.2682  0.0032  0.0007  -0.0000  0.0020 
008_pudding_box 2.0000  2.0000  0.0005  0.0000  -0.0000  -0.0000 
011_banana -0.0119  -0.0119  0.0004  0.0001  -0.0001  -0.0000 
024_bowl -0.1310  -0.1303  0.0038  0.0020  -0.0040  -0.0018 
025_mug 8.0000  8.0000  0.0005  -0.0000  0.0000  0.0000 
044_flat_screwdriver 10.0000  10.0000  0.0004  -0.0000  -0.0000  -0.0000 
051_large_clamp -0.2335  0.2335  0.0004  -0.0000  -0.0000  0.0000 
055_baseball 0.1868  -0.1868  0.0002  -0.0000  0.0000  -0.0000 
061_foam_brick 16.0000  16.0000  0.0003  -0.0000  0.0000  0.0000 
065-h_cups -0.1360  -0.1365  0.0009  -0.0013  0.0037  0.0023 