object x y z qx qy qz qw
007_tuna_fish_can 0.0004  0.0005  0.0040  0.0050  -0.0010  0.0000 
008_pudding_box -0.1380  0.1380  0.0005  0.0000  -0.0000  0.0000 
011_banana 4.0000  4.0000  0.0004  0.0001  -0.0001  -0.0000 
024_bowl 0.2534  0.2515  0.0047  -0.0026  -0.0157  0.0071 
025_mug 0.1678  0.1689  0.0009  0.0027  0.0162  -0.0070 
044_flat_screwdriver 10.0000  10.0000  0.0004  -0.0001  -0.0001  -0.0000 
051_large_clamp 12.0000  12.0000  0.0004  -0.0000  -0.0000  -0.0000 
055_baseball 14.0000  14.0000  0.0002  -0.0001  0.0000  -0.0000 
061_foam_brick -0.0229  0.0218  0.0021  -0.0055  0.0012  -0.0000 
065-h_cups 18.0000  18.0000  0.0006  -0.0000  -0.0001  -0.0000 