object x y z qx qy qz qw
007_tuna_fish_can -0.0032  -0.0019  0.0043  0.0020  0.0009  -0.0062 
008_pudding_box 2.0000  2.0000  0.0005  0.0000  -0.0000  -0.0000 
011_banana 4.0000  4.0000  0.0004  0.0000  -0.0000  -0.0000 
024_bowl -0.2872  -0.2879  0.0005  0.0000  0.0000  0.0003 
025_mug 8.0000  8.0000  0.0005  -0.0000  0.0000  0.0000 
044_flat_screwdriver 0.0055  -0.0011  0.0009  -0.0028  -0.0009  0.0129 
051_large_clamp -0.0579  0.0546  0.0014  0.0033  0.0019  -0.0060 
055_baseball -0.0971  0.0836  0.0279  -0.0021  -0.0015  -0.0002 
061_foam_brick 0.1883  -0.1883  0.0003  -0.0000  0.0000  0.0000 
065-h_cups 18.0000  18.0000  0.0006  -0.0000  -0.0000  -0.0000 