object x y z qx qy qz qw
007_tuna_fish_can 0.0007  -0.0004  0.0037  0.0055  0.0020  -0.0129 
008_pudding_box 2.0000  2.0000  0.0005  0.0002  -0.0003  0.0000 
011_banana 4.0000  4.0000  0.0004  0.0009  -0.0008  0.0000 
024_bowl 6.0000  6.0000  0.0005  -0.0002  -0.0002  -0.0000 
025_mug 0.0451  -0.0434  0.0013  -0.0058  -0.0018  0.0131 
044_flat_screwdriver 10.0000  10.0000  0.0004  -0.0004  -0.0005  -0.0000 
051_large_clamp 0.1923  0.1923  0.0003  -0.0003  -0.0001  -0.0000 
055_baseball 14.0000  14.0000  0.0001  -0.0006  0.0001  0.0000 
061_foam_brick -0.1859  -0.1859  0.0003  -0.0002  0.0006  -0.0000 
065-h_cups 18.0000  18.0000  0.0006  -0.0002  -0.0005  -0.0000 