object x y z qx qy qz qw
007_tuna_fish_can 0.0004  0.0001  0.0032  -0.0003  -0.0011  -0.0004 
008_pudding_box 2.0000  2.0000  0.0005  0.0000  -0.0000  -0.0000 
011_banana 0.2222  -0.2169  0.0004  0.0001  -0.0001  -0.0000 
024_bowl 0.1052  0.1052  0.0005  -0.0000  -0.0000  -0.0000 
025_mug 0.2620  0.2616  0.0020  -0.0009  0.0002  -0.0006 
044_flat_screwdriver 10.0000  10.0000  0.0004  -0.0000  -0.0000  -0.0000 
051_large_clamp -0.1658  -0.1658  0.0004  -0.0000  -0.0000  0.0000 
055_baseball 0.2026  0.2026  0.0002  -0.0000  0.0000  -0.0000 
061_foam_brick 0.2878  0.2884  0.0017  0.0010  -0.0003  0.0007 
065-h_cups 18.0000  18.0000  0.0006  -0.0000  -0.0000  -0.0000 