object x y z qx qy qz qw
007_tuna_fish_can 0.0020  0.0037  0.0037  0.0005  0.0028  -0.0002 
008_pudding_box -0.2189  -0.2189  0.0005  0.0000  -0.0001  0.0000 
011_banana 0.1142  -0.1142  0.0003  0.0002  -0.0002  -0.0000 
024_bowl 6.0000  6.0000  0.0005  -0.0001  -0.0000  -0.0000 
025_mug 8.0000  8.0000  0.0005  -0.0000  -0.0000  0.0000 
044_flat_screwdriver 10.0000  10.0000  0.0004  -0.0001  -0.0001  -0.0000 
051_large_clamp 12.0000  12.0000  0.0003  -0.0001  -0.0000  -0.0000 
055_baseball 0.2659  -0.2659  0.0002  -0.0001  0.0000  0.0000 
061_foam_brick -0.0570  -0.0586  0.0009  -0.0003  -0.0028  -0.0002 
065-h_cups 18.0000  18.0000  0.0006  -0.0000  -0.0001  -0.0000 