object x y z qx qy qz qw
007_tuna_fish_can -0.0396  0.0452  0.0033  -0.0045  0.0005  -0.0003 
008_pudding_box 2.0000  2.0000  0.0005  0.0000  -0.0001  0.0000 
011_banana 4.0000  4.0000  0.0003  0.0003  -0.0002  -0.0000 
024_bowl -0.2610  -0.2610  0.0005  -0.0001  -0.0000  -0.0000 
025_mug 0.0828  0.0828  0.0005  -0.0000  -0.0000  0.0000 
044_flat_screwdriver 10.0000  10.0000  0.0004  -0.0001  -0.0001  -0.0000 
051_large_clamp -0.0475  -0.0474  0.0003  -0.0003  -0.0000  0.0001 
055_baseball 14.0000  14.0000  0.0002  -0.0001  0.0000  0.0000 
061_foam_brick -0.0683  0.0671  0.0005  0.0049  -0.0002  0.0000 
065-h_cups 18.0000  18.0000  0.0006  -0.0000  -0.0001  -0.0000 