object x y z qx qy qz qw
007_tuna_fish_can -0.0002  -0.0007  0.0032  0.0000  0.0001  0.0000 
008_pudding_box 2.0000  2.0000  0.0005  0.0000  -0.0000  0.0000 
011_banana 4.0000  4.0000  0.0004  0.0001  -0.0001  -0.0000 
024_bowl 0.1396  0.1377  0.0034  -0.0030  -0.0052  0.0001 
025_mug 8.0000  8.0000  0.0005  -0.0000  0.0000  0.0000 
044_flat_screwdriver 10.0000  10.0000  0.0004  -0.0000  -0.0000  -0.0000 
051_large_clamp -0.1159  0.1158  0.0004  -0.0000  0.0001  0.0000 
055_baseball -0.2868  -0.2868  0.0002  -0.0001  0.0000  -0.0000 
061_foam_brick 16.0000  16.0000  0.0003  -0.0000  0.0001  0.0000 
065-h_cups 0.0564  0.0560  0.0012  0.0031  0.0055  -0.0000 