object x y z qx qy qz qw
007_tuna_fish_can 0.0742  -0.0742  0.0032  -0.0000  -0.0000  -0.0000 
008_pudding_box -0.0979  0.0898  0.0269  0.0014  0.0010  -0.0026 
011_banana 4.0000  4.0000  0.0003  0.0005  -0.0004  -0.0000 
024_bowl 0.1916  -0.1954  0.0013  -0.0002  0.0003  0.0003 
025_mug 8.0000  8.0000  0.0005  -0.0001  -0.0000  -0.0000 
044_flat_screwdriver 10.0000  10.0000  0.0004  -0.0002  -0.0002  -0.0000 
051_large_clamp -0.1648  0.1687  0.0003  -0.0012  -0.0005  0.0026 
055_baseball 14.0000  14.0000  0.0002  -0.0003  0.0001  0.0000 
061_foam_brick 0.1503  -0.1471  0.0003  0.0003  0.0005  -0.0003 
065-h_cups 0.2082  0.2082  0.0006  -0.0001  -0.0002  -0.0000 