object x y z qx qy qz qw
007_tuna_fish_can 0.2382  -0.2343  0.0032  -0.0001  0.0001  0.0000 
008_pudding_box 2.0000  2.0000  0.0005  0.0000  -0.0000  -0.0000 
011_banana 4.0000  4.0000  0.0004  0.0001  -0.0000  -0.0000 
024_bowl -0.1002  -0.1002  0.0005  -0.0000  -0.0000  -0.0000 
025_mug 8.0000  8.0000  0.0005  -0.0000  0.0000  0.0000 
044_flat_screwdriver 0.0516  0.0544  0.0026  0.0010  0.0035  0.0017 
051_large_clamp 0.0738  0.0731  0.0002  -0.0011  -0.0036  -0.0017 
055_baseball 0.0074  0.0074  0.0002  -0.0000  0.0000  -0.0000 
061_foam_brick 16.0000  16.0000  0.0003  -0.0000  0.0000  0.0000 
065-h_cups 18.0000  18.0000  0.0006  -0.0000  -0.0000  -0.0000 