object x y z qx qy qz qw
007_tuna_fish_can -0.2358  0.2358  0.0032  -0.0003  -0.0008  -0.0000 
008_pudding_box 2.0000  2.0000  0.0004  0.0012  -0.0021  0.0000 
011_banana -0.1341  0.1341  0.0003  0.0006  -0.0008  0.0000 
024_bowl 6.0000  6.0000  0.0005  -0.0013  -0.0013  -0.0000 
025_mug 0.0563  -0.0563  0.0005  -0.0009  -0.0002  -0.0000 
044_flat_screwdriver 10.0000  10.0000  0.0004  -0.0018  -0.0021  0.0000 
051_large_clamp -0.1670  -0.1670  0.0003  -0.0023  -0.0013  -0.0001 
055_baseball 0.1250  0.1250  -0.0002  -0.0041  0.0009  0.0000 
061_foam_brick 16.0000  16.0000  0.0002  -0.0015  0.0031  0.0000 
065-h_cups 0.2720  0.2720  0.0006  -0.0007  -0.0021  -0.0000 