object x y z qx qy qz qw
007_tuna_fish_can 0.2824  -0.2831  0.0032  -0.0001  0.0000  -0.0000 
008_pudding_box 2.0000  2.0000  0.0005  0.0000  -0.0000  -0.0000 
011_banana 0.1920  0.1920  0.0004  0.0000  -0.0000  0.0000 
024_bowl 6.0000  6.0000  0.0005  -0.0000  0.0000  0.0000 
025_mug 0.0643  -0.0632  0.0008  0.0002  -0.0005  -0.0004 
044_flat_screwdriver 10.0000  10.0000  0.0004  -0.0000  -0.0000  0.0000 
051_large_clamp -0.1374  -0.1355  0.0018  0.0008  0.0020  -0.0017 
055_baseball 0.1375  0.1375  0.0002  -0.0000  0.0000  -0.0000 
061_foam_brick 0.0904  -0.0918  0.0005  -0.0002  0.0005  0.0004 
065-h_cups -0.1710  -0.1726  0.0035  -0.0008  -0.0022  0.0018 