object x y z qx qy qz qw
007_tuna_fish_can 0.2628  0.2627  0.0032  -0.0003  0.0007  -0.0003 
008_pudding_box 2.0000  2.0000  0.0005  0.0000  -0.0001  0.0000 
011_banana -0.2959  -0.2917  0.0109  0.0035  -0.0068  -0.0032 
024_bowl 6.0000  6.0000  0.0005  -0.0001  -0.0000  -0.0000 
025_mug 8.0000  8.0000  0.0005  -0.0000  -0.0000  0.0000 
044_flat_screwdriver 10.0000  10.0000  0.0004  -0.0001  -0.0001  -0.0000 
051_large_clamp -0.2444  -0.2446  0.0017  -0.0037  0.0067  0.0034 
055_baseball 0.1169  0.1169  0.0002  -0.0001  0.0000  0.0000 
061_foam_brick -0.1536  -0.1546  0.0003  -0.0001  0.0002  -0.0000 
065-h_cups 18.0000  18.0000  0.0006  -0.0000  -0.0001  -0.0000 