object x y z qx qy qz qw
007_tuna_fish_can 0.2303  -0.2348  0.0032  -0.0000  -0.0000  -0.0000 
008_pudding_box -0.1548  -0.1539  0.0005  0.0001  0.0000  -0.0003 
011_banana 0.2817  -0.2777  0.0003  0.0005  -0.0004  -0.0000 
024_bowl 6.0000  6.0000  0.0005  -0.0001  -0.0001  -0.0000 
025_mug -0.2352  0.2352  0.0005  -0.0001  -0.0000  -0.0000 
044_flat_screwdriver -0.0417  -0.0417  0.0004  -0.0002  -0.0002  -0.0000 
051_large_clamp 0.2116  0.2116  0.0003  -0.0002  -0.0000  -0.0000 
055_baseball 14.0000  14.0000  0.0002  -0.0003  0.0001  0.0000 
061_foam_brick 16.0000  16.0000  0.0003  -0.0001  0.0003  0.0000 
065-h_cups 18.0000  18.0000  0.0006  -0.0001  -0.0002  -0.0000 