object x y z qx qy qz qw
007_tuna_fish_can 0.2455  -0.2457  0.0032  -0.0001  0.0000  0.0000 
008_pudding_box 0.1368  0.1388  0.0005  0.0003  0.0001  0.0004 
011_banana 4.0000  4.0000  0.0003  0.0006  -0.0005  -0.0000 
024_bowl 6.0000  6.0000  0.0005  -0.0001  -0.0001  -0.0000 
025_mug 8.0000  8.0000  0.0005  -0.0001  -0.0000  -0.0000 
044_flat_screwdriver 10.0000  10.0000  0.0004  -0.0002  -0.0002  -0.0000 
051_large_clamp 0.2328  0.2328  0.0003  -0.0002  -0.0000  -0.0000 
055_baseball 14.0000  14.0000  0.0002  -0.0003  0.0001  0.0000 
061_foam_brick 16.0000  16.0000  0.0003  -0.0001  0.0003  0.0000 
065-h_cups 18.0000  18.0000  0.0006  -0.0001  -0.0002  -0.0000 