object x y z qx qy qz qw
007_tuna_fish_can -0.0063  -0.0178  0.0325  -0.0015  0.0021  -0.0022 
008_pudding_box 0.0606  0.0697  0.0012  -0.0002  -0.0013  -0.0012 
011_banana 4.0000  4.0000  0.0004  0.0000  -0.0000  -0.0000 
024_bowl 0.0248  0.0209  0.0249  -0.0068  -0.0092  0.0046 
025_mug 0.2189  -0.2188  0.0009  -0.0017  0.0024  0.0006 
044_flat_screwdriver 10.0000  10.0000  0.0004  -0.0000  -0.0000  0.0000 
051_large_clamp 0.0559  -0.0806  0.0277  0.0108  0.0092  -0.0018 
055_baseball 0.2022  -0.2027  0.0001  0.0011  -0.0016  -0.0004 
061_foam_brick -0.2819  -0.2819  0.0003  -0.0000  0.0000  0.0000 
065-h_cups -0.2365  0.2365  0.0006  -0.0000  -0.0000  -0.0000 