object x y z qx qy qz qw
007_tuna_fish_can -0.0158  -0.0083  0.0032  -0.0002  -0.0000  -0.0002 
008_pudding_box 2.0000  2.0000  0.0005  0.0000  -0.0001  0.0000 
011_banana 4.0000  4.0000  0.0003  0.0003  -0.0003  -0.0000 
024_bowl 6.0000  6.0000  0.0005  -0.0001  -0.0000  -0.0000 
025_mug 8.0000  8.0000  0.0005  -0.0000  -0.0000  0.0000 
044_flat_screwdriver -0.0202  0.0312  0.0005  0.0005  0.0000  -0.0008 
051_large_clamp -0.2356  0.2355  0.0003  -0.0005  -0.0002  -0.0021 
055_baseball 0.2578  -0.2578  0.0002  -0.0002  0.0000  0.0000 
061_foam_brick 16.0000  16.0000  0.0003  -0.0001  0.0002  0.0000 
065-h_cups -0.1081  0.1192  0.0005  -0.0002  0.0003  0.0011 