object x y z qx qy qz qw
007_tuna_fish_can -0.0016  -0.0113  0.0071  -0.0001  0.0017  0.0003 
008_pudding_box -0.0447  0.0501  0.0005  -0.0001  -0.0002  0.0004 
011_banana 4.0000  4.0000  0.0004  0.0000  -0.0000  -0.0000 
024_bowl 6.0000  6.0000  0.0005  -0.0000  -0.0000  0.0000 
025_mug 8.0000  8.0000  0.0005  -0.0000  0.0000  0.0000 
044_flat_screwdriver -0.2928  0.2942  0.0005  -0.0009  0.0009  -0.0001 
051_large_clamp 0.1672  -0.1672  0.0003  -0.0000  -0.0000  0.0000 
055_baseball 0.2126  0.2126  0.0002  -0.0000  0.0000  -0.0000 
061_foam_brick -0.2745  0.2720  0.0051  0.0008  -0.0010  -0.0001 
065-h_cups -0.0307  -0.0314  0.0007  0.0002  -0.0013  -0.0004 