object x y z qx qy qz qw
007_tuna_fish_can -0.0034  -0.0032  0.0063  -0.0009  0.0061  0.0027 
008_pudding_box 0.0478  -0.0467  0.0025  -0.0029  0.0065  0.0077 
011_banana 4.0000  4.0000  0.0004  0.0000  -0.0000  -0.0000 
024_bowl -0.0090  0.0099  0.0018  0.0040  -0.0119  -0.0101 
025_mug 8.0000  8.0000  0.0005  -0.0000  0.0000  0.0000 
044_flat_screwdriver 10.0000  10.0000  0.0004  -0.0000  -0.0000  -0.0000 
051_large_clamp -0.1943  0.1943  0.0004  -0.0000  -0.0000  0.0000 
055_baseball 14.0000  14.0000  0.0002  -0.0000  0.0000  -0.0000 
061_foam_brick 0.2140  -0.2140  0.0003  -0.0000  0.0000  0.0000 
065-h_cups 18.0000  18.0000  0.0006  -0.0000  -0.0000  -0.0000 