object x y z qx qy qz qw
007_tuna_fish_can 0.0800  0.0820  0.0096  0.0025  0.0032  0.0041 
008_pudding_box 0.0648  0.0687  0.0069  -0.0030  -0.0010  -0.0019 
011_banana -0.0460  -0.0422  0.0036  -0.0005  0.0007  -0.0014 
024_bowl -0.0376  -0.0417  0.0084  0.0023  0.0006  -0.0036 
025_mug 0.1755  -0.1755  0.0005  -0.0000  0.0000  0.0000 
044_flat_screwdriver -0.0222  -0.0241  0.0021  -0.0025  -0.0019  0.0052 
051_large_clamp 12.0000  12.0000  0.0004  -0.0000  -0.0000  0.0000 
055_baseball 0.0464  0.0459  0.0001  0.0002  -0.0001  0.0001 
061_foam_brick 16.0000  16.0000  0.0003  -0.0000  0.0000  0.0000 
065-h_cups 18.0000  18.0000  0.0006  -0.0000  -0.0000  -0.0000 