object x y z qx qy qz qw
007_tuna_fish_can 0.0077  -0.0028  0.0032  -0.0002  0.0004  -0.0005 
008_pudding_box -0.2307  -0.2307  0.0005  0.0000  -0.0000  0.0000 
011_banana -0.0542  0.0460  0.0004  0.0000  -0.0002  -0.0003 
024_bowl 0.1686  0.1691  0.0012  0.0016  0.0016  0.0017 
025_mug 8.0000  8.0000  0.0005  -0.0000  0.0000  0.0000 
044_flat_screwdriver 10.0000  10.0000  0.0004  -0.0000  -0.0000  -0.0000 
051_large_clamp 0.1787  0.1788  0.0059  -0.0018  -0.0011  -0.0024 
055_baseball 14.0000  14.0000  0.0002  -0.0000  0.0000  -0.0000 
061_foam_brick 0.2676  0.2672  0.0003  -0.0000  0.0001  0.0000 
065-h_cups 18.0000  18.0000  0.0006  -0.0000  -0.0000  -0.0000 