object x y z qx qy qz qw
007_tuna_fish_can 0.0029  0.0013  0.0074  0.0028  -0.0022  -0.0004 
008_pudding_box 2.0000  2.0000  0.0005  0.0000  -0.0000  -0.0000 
011_banana 4.0000  4.0000  0.0004  0.0001  -0.0001  -0.0000 
024_bowl 0.1049  0.1049  0.0005  -0.0000  -0.0000  -0.0000 
025_mug 8.0000  8.0000  0.0005  -0.0000  0.0000  0.0000 
044_flat_screwdriver 0.2479  0.2468  0.0004  0.0000  0.0000  0.0000 
051_large_clamp 12.0000  12.0000  0.0004  -0.0000  -0.0000  0.0000 
055_baseball 14.0000  14.0000  0.0002  -0.0000  0.0000  -0.0000 
061_foam_brick 16.0000  16.0000  0.0003  -0.0000  0.0000  0.0000 
065-h_cups -0.0444  -0.0437  0.0021  -0.0036  0.0019  0.0009 