object x y z qx qy qz qw
007_tuna_fish_can 0.0010  -0.0047  0.0032  0.0003  0.0003  0.0007 
008_pudding_box 0.2817  -0.2817  0.0005  0.0001  -0.0001  0.0000 
011_banana 4.0000  4.0000  0.0003  0.0004  -0.0004  -0.0000 
024_bowl 0.1523  -0.1523  0.0005  -0.0001  -0.0001  -0.0000 
025_mug 8.0000  8.0000  0.0005  -0.0001  -0.0000  0.0000 
044_flat_screwdriver 10.0000  10.0000  0.0004  -0.0001  -0.0002  -0.0000 
051_large_clamp 0.1757  0.1733  0.0004  0.0002  -0.0004  -0.0003 
055_baseball -0.0386  -0.0549  0.0001  -0.0007  0.0003  0.0011 
061_foam_brick 0.0211  0.0368  0.0003  -0.0001  0.0002  -0.0001 
065-h_cups 0.0966  0.0989  0.0006  -0.0003  0.0002  0.0003 