object x y z qx qy qz qw
007_tuna_fish_can 0.0337  0.0337  0.0032  0.0001  0.0000  0.0002 
008_pudding_box 0.0972  -0.0972  0.0005  0.0000  -0.0000  0.0000 
011_banana 4.0000  4.0000  0.0004  0.0001  -0.0001  -0.0000 
024_bowl 6.0000  6.0000  0.0005  -0.0000  -0.0000  -0.0000 
025_mug 0.2720  0.2671  0.0040  0.0018  -0.0024  0.0043 
044_flat_screwdriver 0.2696  0.2732  0.0017  -0.0011  -0.0009  -0.0058 
051_large_clamp 0.2064  0.2033  0.0082  -0.0007  0.0032  0.0013 
055_baseball 0.1403  -0.1552  0.0002  0.0001  -0.0000  0.0001 
061_foam_brick 16.0000  16.0000  0.0003  -0.0000  0.0001  0.0000 
065-h_cups 0.1747  -0.1579  0.0006  -0.0003  0.0001  -0.0001 