object x y z qx qy qz qw
007_tuna_fish_can 0.0000  0.0000  0.0032  -0.0000  0.0000  -0.0000 
008_pudding_box 0.1290  0.0966  0.0237  0.0052  0.0039  -0.0076 
011_banana 4.0000  4.0000  0.0004  0.0001  -0.0001  -0.0000 
024_bowl 0.1581  0.1774  0.0010  -0.0049  -0.0041  0.0069 
025_mug 8.0000  8.0000  0.0005  -0.0000  0.0000  0.0000 
044_flat_screwdriver 10.0000  10.0000  0.0004  -0.0001  -0.0001  -0.0000 
051_large_clamp 0.1090  -0.1140  0.0004  -0.0000  0.0002  -0.0001 
055_baseball 14.0000  14.0000  0.0002  -0.0001  0.0000  -0.0000 
061_foam_brick -0.2522  0.2522  0.0003  -0.0000  0.0001  0.0000 
065-h_cups 18.0000  18.0000  0.0006  -0.0000  -0.0001  -0.0000 