object x y z qx qy qz qw
007_tuna_fish_can -0.1895  -0.1898  0.0032  -0.0000  0.0000  -0.0007 
008_pudding_box 2.0000  2.0000  0.0005  0.0000  -0.0000  -0.0000 
011_banana 0.1083  0.1083  0.0004  0.0001  -0.0000  -0.0000 
024_bowl -0.2233  0.2195  0.0037  -0.0122  0.0088  0.0028 
025_mug -0.1610  0.1621  0.0015  0.0123  -0.0089  -0.0029 
044_flat_screwdriver 0.0746  -0.0748  0.0004  -0.0000  -0.0000  0.0000 
051_large_clamp 12.0000  12.0000  0.0003  -0.0000  -0.0000  0.0000 
055_baseball 14.0000  14.0000  0.0002  -0.0000  0.0000  -0.0000 
061_foam_brick 0.2211  -0.2211  0.0003  -0.0000  0.0000  0.0000 
065-h_cups 18.0000  18.0000  0.0006  -0.0000  -0.0000  -0.0000 