object x y z qx qy qz qw
007_tuna_fish_can -0.0013  -0.0021  0.0032  -0.0001  -0.0000  -0.0000 
008_pudding_box 0.1195  -0.1194  0.0019  0.0013  0.0022  0.0021 
011_banana 4.0000  4.0000  0.0004  0.0000  -0.0000  -0.0000 
024_bowl 6.0000  6.0000  0.0005  -0.0000  -0.0000  0.0000 
025_mug 0.1318  -0.1317  0.0011  -0.0014  -0.0023  -0.0021 
044_flat_screwdriver 0.2153  0.2153  0.0004  -0.0000  -0.0000  -0.0000 
051_large_clamp 12.0000  12.0000  0.0004  -0.0000  -0.0000  0.0000 
055_baseball 14.0000  14.0000  0.0002  -0.0000  0.0000  -0.0000 
061_foam_brick 16.0000  16.0000  0.0003  -0.0000  0.0000  0.0000 
065-h_cups 0.2247  -0.2247  0.0006  -0.0000  -0.0000  -0.0000 