object x y z qx qy qz qw
007_tuna_fish_can 0.0048  -0.0022  0.0032  -0.0002  0.0007  0.0140 
008_pudding_box -0.0697  0.0697  0.0005  0.0004  -0.0007  0.0000 
011_banana 0.1663  0.1803  0.0156  0.0064  0.0011  -0.0053 
024_bowl 6.0000  6.0000  0.0005  -0.0005  -0.0005  -0.0000 
025_mug -0.0507  -0.0407  0.0337  0.0010  -0.0023  -0.0146 
044_flat_screwdriver 0.2221  0.2211  0.0005  -0.0048  -0.0029  0.0056 
051_large_clamp 12.0000  12.0000  0.0003  -0.0008  -0.0002  -0.0000 
055_baseball 14.0000  14.0000  0.0000  -0.0016  0.0003  0.0000 
061_foam_brick 0.0492  0.0492  0.0003  -0.0007  0.0014  -0.0000 
065-h_cups 18.0000  18.0000  0.0006  -0.0005  -0.0013  0.0000 