object x y z qx qy qz qw
007_tuna_fish_can 0.0087  0.0109  0.0043  -0.0001  -0.0007  0.0037 
008_pudding_box 2.0000  2.0000  0.0005  0.0000  -0.0000  0.0000 
011_banana 0.0988  0.0988  0.0004  0.0002  -0.0002  -0.0000 
024_bowl 0.1349  -0.1260  0.0006  0.0012  0.0023  0.0016 
025_mug 8.0000  8.0000  0.0005  -0.0000  -0.0000  0.0000 
044_flat_screwdriver 0.1117  -0.1337  0.0133  -0.0016  -0.0024  -0.0017 
051_large_clamp -0.1689  0.1689  0.0003  -0.0001  -0.0000  -0.0000 
055_baseball -0.2846  0.2846  0.0002  -0.0001  0.0000  0.0000 
061_foam_brick 16.0000  16.0000  0.0003  -0.0000  0.0001  0.0000 
065-h_cups -0.0794  -0.0807  0.0007  -0.0001  0.0011  -0.0034 