object x y z qx qy qz qw
007_tuna_fish_can -0.0786  0.0786  0.0032  -0.0000  0.0000  -0.0000 
008_pudding_box 0.3104  -0.3099  0.0357  -0.0001  0.0007  -0.0013 
011_banana 4.0000  4.0000  0.0003  0.0003  -0.0002  -0.0000 
024_bowl 0.0847  -0.0869  0.0005  -0.0001  -0.0001  -0.0000 
025_mug 8.0000  8.0000  0.0005  -0.0000  -0.0000  0.0000 
044_flat_screwdriver 10.0000  10.0000  0.0004  -0.0001  -0.0001  -0.0000 
051_large_clamp 0.2489  -0.2595  0.0004  0.0005  0.0004  0.0024 
055_baseball 14.0000  14.0000  0.0002  -0.0001  0.0000  0.0000 
061_foam_brick -0.1525  -0.1525  0.0003  -0.0001  0.0002  0.0000 
065-h_cups 0.1837  -0.1738  0.0006  0.0003  -0.0002  -0.0010 