object x y z qx qy qz qw
007_tuna_fish_can -0.1796  -0.1788  0.0036  -0.0012  -0.0029  0.0001 
008_pudding_box -0.1601  -0.1604  0.0014  -0.0012  0.0050  -0.0010 
011_banana 0.0511  -0.0535  0.0016  -0.0004  0.0029  -0.0114 
024_bowl 6.0000  6.0000  0.0005  -0.0000  -0.0000  -0.0000 
025_mug -0.2923  -0.2923  0.0005  -0.0000  0.0000  0.0000 
044_flat_screwdriver 10.0000  10.0000  0.0004  -0.0001  -0.0001  -0.0000 
051_large_clamp 0.1066  -0.1014  0.0214  0.0009  -0.0027  0.0118 
055_baseball 14.0000  14.0000  0.0002  -0.0001  0.0000  0.0000 
061_foam_brick 0.0433  0.0433  0.0003  -0.0000  0.0001  0.0000 
065-h_cups -0.0639  0.0639  0.0006  -0.0000  -0.0001  -0.0000 