object x y z qx qy qz qw
007_tuna_fish_can 0.2377  -0.2495  0.0033  -0.0000  0.0000  0.0000 
008_pudding_box 2.0000  2.0000  0.0005  0.0000  -0.0000  0.0000 
011_banana 4.0000  4.0000  0.0004  0.0001  -0.0001  -0.0000 
024_bowl 6.0000  6.0000  0.0005  -0.0000  -0.0000  -0.0000 
025_mug 0.1699  -0.1621  0.0011  -0.0033  -0.0043  0.0009 
044_flat_screwdriver 0.1651  -0.1623  0.0019  0.0035  0.0044  -0.0009 
051_large_clamp 12.0000  12.0000  0.0004  -0.0000  -0.0000  -0.0000 
055_baseball 14.0000  14.0000  0.0002  -0.0001  0.0000  -0.0000 
061_foam_brick -0.0176  0.0182  0.0006  0.0014  -0.0001  0.0047 
065-h_cups 0.0092  0.0083  0.0047  -0.0015  0.0003  -0.0046 