object x y z qx qy qz qw
007_tuna_fish_can 0.1002  -0.0460  0.0328  -0.0001  0.0000  -0.0001 
008_pudding_box 2.0000  2.0000  0.0005  0.0000  -0.0000  -0.0000 
011_banana 0.0395  -0.0018  0.0306  0.0006  -0.0006  -0.0022 
024_bowl -0.1007  0.0752  0.0291  0.0002  0.0045  -0.0027 
025_mug 0.0161  0.0032  0.0295  0.0000  -0.0016  0.0043 
044_flat_screwdriver 10.0000  10.0000  0.0004  -0.0000  -0.0000  -0.0000 
051_large_clamp -0.1556  0.1433  0.0004  0.0003  -0.0002  -0.0001 
055_baseball 14.0000  14.0000  0.0002  -0.0000  0.0000  -0.0000 
061_foam_brick 0.1676  0.1676  0.0003  -0.0000  0.0000  0.0000 
065-h_cups 18.0000  18.0000  0.0006  -0.0000  -0.0000  -0.0000 