object x y z qx qy qz qw
007_tuna_fish_can 0.0076  0.0014  0.0145  -0.0002  0.0003  -0.0000 
008_pudding_box 2.0000  2.0000  0.0005  0.0000  -0.0000  -0.0000 
011_banana 4.0000  4.0000  0.0004  0.0001  -0.0001  -0.0000 
024_bowl 0.1040  0.1032  0.0012  0.0028  0.0039  0.0000 
025_mug 8.0000  8.0000  0.0005  -0.0000  0.0000  0.0000 
044_flat_screwdriver -0.2268  -0.2268  0.0004  -0.0000  -0.0000  -0.0000 
051_large_clamp 0.0239  0.0171  0.0113  -0.0030  -0.0049  -0.0000 
055_baseball -0.3006  0.2969  0.0002  -0.0000  -0.0000  -0.0000 
061_foam_brick -0.0724  -0.0689  0.0003  -0.0000  0.0003  0.0000 
065-h_cups -0.1736  -0.1736  0.0006  -0.0000  -0.0000  -0.0000 