object x y z qx qy qz qw
007_tuna_fish_can 0.0203  -0.0247  0.0032  -0.0015  0.0004  -0.0007 
008_pudding_box 2.0000  2.0000  0.0004  0.0008  -0.0015  0.0000 
011_banana -0.0412  -0.0052  0.0003  0.0011  0.0008  0.0009 
024_bowl 6.0000  6.0000  0.0005  -0.0010  -0.0009  -0.0000 
025_mug 0.1561  0.1561  0.0005  -0.0007  -0.0001  -0.0000 
044_flat_screwdriver 10.0000  10.0000  0.0004  -0.0016  -0.0018  0.0000 
051_large_clamp 12.0000  12.0000  0.0003  -0.0016  -0.0004  -0.0000 
055_baseball -0.0807  -0.0700  -0.0000  -0.0025  0.0001  -0.0000 
061_foam_brick 16.0000  16.0000  0.0002  -0.0013  0.0023  -0.0000 
065-h_cups 18.0000  18.0000  0.0006  -0.0007  -0.0019  0.0000 