object x y z qx qy qz qw
007_tuna_fish_can -0.0011  -0.0068  0.0185  0.0033  -0.0023  -0.0065 
008_pudding_box -0.2267  0.2267  0.0005  0.0000  -0.0001  0.0000 
011_banana 0.0114  -0.0185  0.0135  -0.0148  0.0275  0.0038 
024_bowl 0.0446  0.0475  0.0078  0.0069  -0.0377  -0.0060 
025_mug 8.0000  8.0000  0.0005  -0.0000  -0.0000  0.0000 
044_flat_screwdriver 0.0648  0.0668  0.0012  0.0046  0.0128  0.0094 
051_large_clamp 12.0000  12.0000  0.0003  -0.0001  -0.0000  -0.0000 
055_baseball 14.0000  14.0000  0.0002  -0.0001  0.0000  0.0000 
061_foam_brick 0.2993  -0.2993  0.0003  -0.0000  0.0001  0.0000 
065-h_cups 18.0000  18.0000  0.0006  -0.0000  -0.0001  -0.0000 