object x y z qx qy qz qw
007_tuna_fish_can -0.2612  -0.2612  0.0032  -0.0002  -0.0006  -0.0000 
008_pudding_box -0.0285  0.0274  0.0385  -0.0067  0.0098  -0.0008 
011_banana 0.0081  0.0037  0.0009  0.0058  0.0104  -0.0077 
024_bowl 0.2768  -0.2785  0.0005  -0.0020  -0.0002  0.0008 
025_mug -0.1782  -0.1782  0.0005  -0.0008  -0.0001  -0.0000 
044_flat_screwdriver 10.0000  10.0000  0.0004  -0.0016  -0.0019  0.0000 
051_large_clamp 0.0475  -0.0617  0.0250  0.0076  -0.0251  0.0087 
055_baseball 14.0000  14.0000  -0.0001  -0.0032  0.0007  0.0000 
061_foam_brick 16.0000  16.0000  0.0002  -0.0014  0.0024  -0.0000 
065-h_cups -0.2459  0.2459  0.0006  -0.0007  -0.0019  0.0000 