object x y z qx qy qz qw
007_tuna_fish_can 0.1613  0.1176  0.0032  -0.0010  0.0009  -0.0000 
008_pudding_box 2.0000  2.0000  0.0004  0.0012  -0.0021  0.0000 
011_banana 0.0984  0.1293  0.0003  0.0005  -0.0012  0.0000 
024_bowl -0.1561  0.1543  0.0005  -0.0024  -0.0012  -0.0005 
025_mug 0.2857  0.2857  0.0005  -0.0009  -0.0002  -0.0000 
044_flat_screwdriver 10.0000  10.0000  0.0004  -0.0018  -0.0021  0.0000 
051_large_clamp -0.1907  -0.1907  0.0003  -0.0022  -0.0005  -0.0000 
055_baseball 14.0000  14.0000  -0.0002  -0.0041  0.0009  0.0000 
061_foam_brick -0.0425  0.0425  0.0002  -0.0015  0.0031  0.0000 
065-h_cups 18.0000  18.0000  0.0006  -0.0007  -0.0021  -0.0000 