object x y z qx qy qz qw
007_tuna_fish_can -0.0006  0.0010  0.0032  -0.0001  0.0000  0.0000 
008_pudding_box 2.0000  2.0000  0.0005  0.0001  -0.0002  0.0000 
011_banana -0.2680  0.3612  0.0020  0.0216  0.0092  -0.0300 
024_bowl -0.3267  0.2286  0.0419  -0.0217  -0.0094  0.0313 
025_mug 0.2001  -0.2001  0.0005  -0.0001  -0.0000  -0.0000 
044_flat_screwdriver 10.0000  10.0000  0.0004  -0.0002  -0.0003  -0.0000 
051_large_clamp 0.0492  0.0492  0.0003  -0.0002  -0.0000  -0.0000 
055_baseball -0.2749  0.1896  0.0319  0.0067  -0.0009  -0.0007 
061_foam_brick -0.2380  0.2426  0.0127  -0.0109  0.0028  -0.0003 
065-h_cups 18.0000  18.0000  0.0006  -0.0001  -0.0003  -0.0000 