object x y z qx qy qz qw
007_tuna_fish_can 0.0000  0.0000  0.0000  0.0000  0.0000  0.0000 
008_pudding_box 0.0000  0.0000  0.0000  0.0000  0.0000  0.0000 
011_banana 0.0000  0.0000  0.0000  0.0000  0.0000  0.0000 
024_bowl 0.0000  0.0000  0.0000  0.0000  0.0000  0.0000 
025_mug 0.0000  0.0000  0.0000  0.0000  0.0000  0.0000 
044_flat_screwdriver 0.0000  0.0000  0.0000  0.0000  0.0000  0.0000 
051_large_clamp 0.0000  0.0000  0.0000  0.0000  0.0000  0.0000 
055_baseball 0.0000  0.0000  0.0000  0.0000  0.0000  0.0000 
061_foam_brick 0.0000  0.0000  0.0000  0.0000  0.0000  0.0000 
065-h_cups 0.0000  0.0000  0.0000  0.0000  0.0000  0.0000 