object x y z qx qy qz qw
007_tuna_fish_can 0.0141  0.0040  0.0143  -0.0054  0.0094  -0.0005 
008_pudding_box 2.0000  2.0000  0.0004  0.0011  -0.0019  0.0000 
011_banana -0.1065  -0.1017  0.0007  -0.0029  -0.0009  0.0004 
024_bowl 0.2543  -0.2543  0.0005  -0.0012  -0.0012  -0.0000 
025_mug -0.1304  0.1305  0.0006  0.0003  0.0030  0.0007 
044_flat_screwdriver 10.0000  10.0000  0.0004  -0.0017  -0.0020  0.0000 
051_large_clamp 12.0000  12.0000  0.0003  -0.0020  -0.0004  -0.0000 
055_baseball 14.0000  14.0000  -0.0002  -0.0037  0.0008  0.0000 
061_foam_brick 16.0000  16.0000  0.0002  -0.0015  0.0028  -0.0000 
065-h_cups 0.0702  0.0702  0.0006  -0.0007  -0.0020  -0.0000 