object x y z qx qy qz qw
007_tuna_fish_can -0.2022  -0.2022  0.0032  -0.0002  -0.0005  -0.0000 
008_pudding_box -0.1685  0.1826  0.0007  -0.0044  -0.0015  0.0075 
011_banana 4.0000  4.0000  0.0004  0.0011  -0.0011  0.0000 
024_bowl -0.0554  -0.0554  0.0005  -0.0009  -0.0008  -0.0000 
025_mug -0.1868  0.1755  0.0377  0.0039  -0.0048  -0.0162 
044_flat_screwdriver 0.1881  0.1881  0.0004  -0.0015  -0.0017  0.0000 
051_large_clamp 12.0000  12.0000  0.0003  -0.0014  -0.0003  -0.0000 
055_baseball 0.0985  -0.0997  -0.0001  -0.0026  0.0006  -0.0000 
061_foam_brick -0.2465  0.2408  0.0004  0.0024  0.0068  0.0087 
065-h_cups 18.0000  18.0000  0.0006  -0.0007  -0.0018  0.0000 