object x y z qx qy qz qw
007_tuna_fish_can -0.2777  -0.2739  0.0040  0.0009  -0.0046  -0.0015 
008_pudding_box 0.2054  -0.2054  0.0005  0.0001  -0.0002  0.0000 
011_banana 0.1975  0.1955  0.0003  0.0008  -0.0006  -0.0002 
024_bowl 6.0000  6.0000  0.0005  -0.0002  -0.0001  -0.0000 
025_mug -0.1573  -0.1558  0.0014  -0.0013  0.0043  -0.0023 
044_flat_screwdriver 10.0000  10.0000  0.0004  -0.0003  -0.0003  -0.0000 
051_large_clamp 0.0807  0.0802  0.0011  -0.0031  -0.0121  0.0011 
055_baseball -0.2628  -0.2703  0.0114  -0.0012  0.0037  0.0012 
061_foam_brick -0.2092  -0.2068  0.0011  0.0005  -0.0031  0.0023 
065-h_cups 0.0245  0.0246  0.0010  0.0023  0.0123  -0.0009 