object x y z qx qy qz qw
007_tuna_fish_can -0.0000  0.0000  0.0032  -0.0003  -0.0007  -0.0001 
008_pudding_box 2.0000  2.0000  0.0004  0.0010  -0.0018  0.0000 
011_banana 0.1730  -0.1730  0.0004  0.0008  -0.0009  0.0000 
024_bowl 0.1786  0.1775  0.0005  -0.0017  -0.0012  0.0003 
025_mug -0.1988  -0.1998  0.0005  -0.0008  -0.0001  0.0000 
044_flat_screwdriver 10.0000  10.0000  0.0004  -0.0017  -0.0020  0.0000 
051_large_clamp 12.0000  12.0000  0.0003  -0.0020  -0.0004  -0.0000 
055_baseball 0.0865  -0.0865  -0.0002  -0.0037  0.0008  0.0000 
061_foam_brick -0.0989  -0.0989  0.0002  -0.0015  0.0028  -0.0000 
065-h_cups 0.0569  -0.0569  0.0006  -0.0007  -0.0020  -0.0000 