object x y z qx qy qz qw
007_tuna_fish_can -0.0000  0.0000  0.0032  -0.0003  -0.0008  -0.0000 
008_pudding_box 2.0000  2.0000  0.0004  0.0011  -0.0019  0.0000 
011_banana -0.2215  0.2436  0.0004  0.0019  -0.0006  0.0003 
024_bowl 6.0000  6.0000  0.0005  -0.0012  -0.0012  -0.0000 
025_mug -0.0565  0.0565  0.0005  -0.0008  -0.0002  -0.0000 
044_flat_screwdriver 10.0000  10.0000  0.0004  -0.0017  -0.0020  0.0000 
051_large_clamp -0.2985  0.2897  0.0003  -0.0021  0.0001  0.0001 
055_baseball 14.0000  14.0000  -0.0002  -0.0037  0.0008  0.0000 
061_foam_brick 16.0000  16.0000  0.0002  -0.0015  0.0028  -0.0000 
065-h_cups 18.0000  18.0000  0.0006  -0.0007  -0.0020  -0.0000 