object x y z qx qy qz qw
007_tuna_fish_can 0.0032  -0.0153  0.0137  -0.0145  -0.0112  -0.0074 
008_pudding_box 0.0823  -0.0850  0.0095  -0.0006  -0.0118  0.0141 
011_banana -0.0635  -0.0228  0.0006  0.0003  0.0019  -0.0029 
024_bowl -0.2412  -0.2412  0.0005  -0.0001  0.0000  0.0000 
025_mug 0.0483  -0.0536  0.0085  -0.0068  0.0039  -0.0052 
044_flat_screwdriver 0.1178  -0.1285  0.0074  0.0002  -0.0021  -0.0250 
051_large_clamp 0.0407  -0.0413  0.0051  0.0211  0.0196  0.0266 
055_baseball 14.0000  14.0000  0.0002  -0.0001  0.0000  -0.0000 
061_foam_brick 16.0000  16.0000  0.0003  -0.0000  0.0001  0.0000 
065-h_cups 18.0000  18.0000  0.0006  -0.0000  -0.0000  -0.0000 