object x y z qx qy qz qw
007_tuna_fish_can -0.0892  0.0892  0.0032  -0.0002  -0.0006  -0.0000 
008_pudding_box 2.0000  2.0000  0.0004  0.0009  -0.0016  0.0000 
011_banana 4.0000  4.0000  0.0004  0.0010  -0.0011  0.0000 
024_bowl -0.2622  -0.2622  0.0005  -0.0010  -0.0010  -0.0000 
025_mug -0.1738  -0.1637  0.0005  -0.0008  -0.0001  -0.0004 
044_flat_screwdriver 10.0000  10.0000  0.0004  -0.0016  -0.0019  0.0000 
051_large_clamp -0.0408  -0.0437  0.0003  -0.0015  -0.0011  0.0002 
055_baseball -0.0807  -0.0856  -0.0001  -0.0026  0.0002  -0.0001 
061_foam_brick 16.0000  16.0000  0.0002  -0.0014  0.0024  -0.0000 
065-h_cups 18.0000  18.0000  0.0006  -0.0007  -0.0019  0.0000 