object x y z qx qy qz qw
007_tuna_fish_can 0.1227  0.1284  0.0033  -0.0055  0.0077  -0.0033 
008_pudding_box 2.0000  2.0000  0.0004  0.0007  -0.0013  0.0000 
011_banana 4.0000  4.0000  0.0004  0.0011  -0.0011  0.0000 
024_bowl 6.0000  6.0000  0.0005  -0.0008  -0.0008  -0.0000 
025_mug 8.0000  8.0000  0.0005  -0.0006  -0.0001  -0.0000 
044_flat_screwdriver 10.0000  10.0000  0.0004  -0.0014  -0.0017  0.0000 
051_large_clamp 0.2307  0.2218  0.0003  -0.0013  -0.0007  -0.0003 
055_baseball 0.0417  -0.0417  -0.0000  -0.0025  0.0005  0.0000 
061_foam_brick 16.0000  16.0000  0.0002  -0.0012  0.0020  -0.0000 
065-h_cups 0.1501  0.1532  0.0009  0.0048  -0.0063  0.0041 