object x y z qx qy qz qw
007_tuna_fish_can 0.0023  0.0022  0.0061  0.0077  -0.0181  0.0234 
008_pudding_box -0.2173  -0.2173  0.0005  0.0001  -0.0002  0.0000 
011_banana 4.0000  4.0000  0.0003  0.0007  -0.0006  0.0000 
024_bowl 6.0000  6.0000  0.0005  -0.0001  -0.0001  -0.0000 
025_mug 8.0000  8.0000  0.0005  -0.0001  -0.0000  -0.0000 
044_flat_screwdriver -0.0326  0.0394  0.0022  -0.0019  0.0218  -0.0139 
051_large_clamp 0.0390  -0.0435  0.0013  -0.0091  -0.0044  -0.0103 
055_baseball 14.0000  14.0000  0.0002  -0.0003  0.0001  0.0000 
061_foam_brick 16.0000  16.0000  0.0003  -0.0001  0.0004  0.0000 
065-h_cups 18.0000  18.0000  0.0006  -0.0001  -0.0003  -0.0000 