object x y z qx qy qz qw
007_tuna_fish_can 0.0010  0.0009  0.0033  -0.0027  0.0001  -0.0015 
008_pudding_box -0.1866  0.1866  0.0005  0.0003  -0.0006  0.0000 
011_banana 4.0000  4.0000  0.0004  0.0012  -0.0011  0.0000 
024_bowl 0.2368  -0.2302  0.0005  -0.0024  0.0009  -0.0016 
025_mug 8.0000  8.0000  0.0005  -0.0003  -0.0000  -0.0000 
044_flat_screwdriver -0.1005  -0.1005  0.0003  -0.0008  -0.0010  -0.0000 
051_large_clamp 12.0000  12.0000  0.0003  -0.0007  -0.0001  -0.0000 
055_baseball 0.2057  -0.2109  0.0029  0.0005  -0.0014  0.0010 
061_foam_brick 16.0000  16.0000  0.0003  -0.0005  0.0011  -0.0000 
065-h_cups 18.0000  18.0000  0.0006  -0.0003  -0.0010  -0.0000 