object x y z qx qy qz qw
007_tuna_fish_can 0.0112  -0.0460  0.0033  -0.0060  0.0007  0.0008 
008_pudding_box 0.0048  0.0193  0.0005  0.0024  0.0003  0.0002 
011_banana 4.0000  4.0000  0.0004  0.0009  -0.0010  0.0000 
024_bowl 0.1942  0.1942  0.0005  -0.0011  -0.0011  -0.0000 
025_mug 0.1091  -0.1091  0.0005  -0.0008  -0.0001  -0.0000 
044_flat_screwdriver -0.0830  0.1365  0.0077  0.0007  0.0109  0.0308 
051_large_clamp -0.1039  -0.1402  0.0003  -0.0018  0.0053  -0.0023 
055_baseball 14.0000  14.0000  -0.0001  -0.0034  0.0007  0.0000 
061_foam_brick -0.1465  0.1695  0.0001  0.0016  0.0031  -0.0299 
065-h_cups 18.0000  18.0000  0.0006  -0.0007  -0.0019  0.0000 