object x y z qx qy qz qw
007_tuna_fish_can 0.2693  0.2693  0.0032  -0.0002  -0.0004  -0.0000 
008_pudding_box 2.0000  2.0000  0.0005  0.0005  -0.0009  0.0000 
011_banana 0.1232  -0.1233  0.0004  0.0011  -0.0012  0.0000 
024_bowl 0.0008  0.0075  0.0030  -0.0053  0.0304  0.0373 
025_mug -0.2350  -0.2350  0.0005  -0.0005  -0.0001  -0.0000 
044_flat_screwdriver 0.2323  -0.2323  0.0004  -0.0012  -0.0014  -0.0000 
051_large_clamp -0.0733  -0.0895  0.0089  0.0057  -0.0373  -0.0362 
055_baseball 14.0000  14.0000  0.0000  -0.0019  0.0004  0.0000 
061_foam_brick 16.0000  16.0000  0.0003  -0.0008  0.0016  -0.0000 
065-h_cups 18.0000  18.0000  0.0006  -0.0005  -0.0015  0.0000 