object x y z qx qy qz qw
007_tuna_fish_can -0.0905  -0.0905  0.0032  -0.0001  -0.0001  -0.0000 
008_pudding_box -0.1971  -0.1971  0.0005  0.0001  -0.0002  0.0000 
011_banana 4.0000  4.0000  0.0003  0.0008  -0.0006  0.0000 
024_bowl -0.0569  0.0413  0.0037  -0.0009  -0.0050  -0.0021 
025_mug -0.0014  0.0147  0.0006  0.0006  0.0049  0.0021 
044_flat_screwdriver 10.0000  10.0000  0.0004  -0.0003  -0.0003  -0.0000 
051_large_clamp 12.0000  12.0000  0.0003  -0.0002  -0.0000  -0.0000 
055_baseball -0.2343  0.2343  0.0002  -0.0004  0.0001  0.0000 
061_foam_brick 16.0000  16.0000  0.0003  -0.0001  0.0004  -0.0000 
065-h_cups 18.0000  18.0000  0.0006  -0.0001  -0.0003  -0.0000 