object x y z qx qy qz qw
007_tuna_fish_can -0.0430  -0.0338  0.0032  0.0000  0.0003  0.0001 
008_pudding_box -0.1745  0.1778  0.0005  0.0001  -0.0003  -0.0000 
011_banana 4.0000  4.0000  0.0004  0.0010  -0.0008  0.0000 
024_bowl -0.1578  -0.1511  0.0008  0.0035  0.0011  -0.0072 
025_mug -0.1765  -0.1962  0.0263  -0.0057  -0.0011  0.0073 
044_flat_screwdriver 10.0000  10.0000  0.0003  -0.0005  -0.0005  -0.0000 
051_large_clamp 12.0000  12.0000  0.0003  -0.0004  -0.0001  -0.0000 
055_baseball 14.0000  14.0000  0.0001  -0.0007  0.0001  0.0000 
061_foam_brick 16.0000  16.0000  0.0003  -0.0003  0.0007  -0.0000 
065-h_cups 18.0000  18.0000  0.0006  -0.0002  -0.0005  -0.0000 