object x y z qx qy qz qw
007_tuna_fish_can -0.1827  -0.1832  0.0032  -0.0007  -0.0008  0.0005 
008_pudding_box 2.0000  2.0000  0.0004  0.0010  -0.0017  0.0000 
011_banana 4.0000  4.0000  0.0004  0.0008  -0.0010  0.0000 
024_bowl 0.1758  -0.1786  0.0006  -0.0051  -0.0033  -0.0004 
025_mug 8.0000  8.0000  0.0005  -0.0008  -0.0001  -0.0000 
044_flat_screwdriver -0.2489  -0.2489  0.0004  -0.0017  -0.0020  0.0000 
051_large_clamp 12.0000  12.0000  0.0003  -0.0019  -0.0004  -0.0000 
055_baseball 14.0000  14.0000  -0.0001  -0.0035  0.0007  0.0000 
061_foam_brick 0.2778  -0.2769  0.0002  -0.0011  0.0035  0.0004 
065-h_cups -0.0509  -0.0509  0.0006  -0.0007  -0.0020  -0.0000 