object x y z qx qy qz qw
007_tuna_fish_can 0.0772  0.0772  0.0032  -0.0001  -0.0002  -0.0000 
008_pudding_box 2.0000  2.0000  0.0005  0.0003  -0.0006  0.0000 
011_banana 4.0000  4.0000  0.0004  0.0012  -0.0011  0.0000 
024_bowl 6.0000  6.0000  0.0005  -0.0004  -0.0004  -0.0000 
025_mug 0.0924  -0.0924  0.0005  -0.0003  -0.0000  -0.0000 
044_flat_screwdriver 10.0000  10.0000  0.0003  -0.0008  -0.0010  -0.0000 
051_large_clamp -0.0584  0.0632  0.0003  -0.0017  0.0010  -0.0073 
055_baseball 14.0000  14.0000  0.0001  -0.0012  0.0002  0.0000 
061_foam_brick -0.0319  -0.0370  0.0040  0.0017  0.0001  0.0074 
065-h_cups 18.0000  18.0000  0.0006  -0.0004  -0.0010  -0.0000 