object x y z qx qy qz qw
007_tuna_fish_can -0.0142  -0.0067  0.0037  -0.0121  -0.0034  -0.0302 
008_pudding_box 2.0000  2.0000  0.0005  0.0004  -0.0006  0.0000 
011_banana 0.0842  -0.0454  0.0384  0.0005  0.0009  0.0058 
024_bowl 6.0000  6.0000  0.0005  -0.0004  -0.0004  -0.0000 
025_mug 8.0000  8.0000  0.0005  -0.0003  -0.0000  -0.0000 
044_flat_screwdriver 10.0000  10.0000  0.0003  -0.0009  -0.0010  -0.0000 
051_large_clamp 0.0778  -0.0741  0.0026  0.0130  0.0032  0.0240 
055_baseball 14.0000  14.0000  0.0001  -0.0013  0.0003  0.0000 
061_foam_brick 0.1599  0.1599  0.0003  -0.0006  0.0012  -0.0000 
065-h_cups 0.0464  0.0464  0.0005  -0.0004  -0.0011  -0.0000 