object x y z qx qy qz qw
007_tuna_fish_can -0.1666  0.1666  0.0032  -0.0003  -0.0008  -0.0000 
008_pudding_box -0.0096  -0.0003  0.0007  0.0020  0.0057  -0.0290 
011_banana 0.1532  -0.1238  0.0005  0.0026  -0.0003  0.0000 
024_bowl 6.0000  6.0000  0.0005  -0.0012  -0.0012  -0.0000 
025_mug -0.0916  0.0916  0.0005  -0.0009  -0.0002  -0.0000 
044_flat_screwdriver 10.0000  10.0000  0.0004  -0.0018  -0.0021  0.0000 
051_large_clamp 0.0725  -0.0889  0.0013  0.0060  0.0029  0.0154 
055_baseball 0.1949  -0.1949  -0.0002  -0.0039  0.0008  0.0000 
061_foam_brick 16.0000  16.0000  0.0002  -0.0015  0.0029  0.0000 
065-h_cups -0.2759  -0.2759  0.0006  -0.0007  -0.0020  -0.0000 