object x y z qx qy qz qw
007_tuna_fish_can -0.0095  -0.0064  0.0032  0.0004  0.0005  -0.0014 
008_pudding_box 0.2554  -0.2482  0.0005  0.0002  -0.0003  -0.0002 
011_banana 0.1913  -0.1979  0.0003  0.0007  -0.0007  0.0001 
024_bowl 6.0000  6.0000  0.0005  -0.0002  -0.0001  -0.0000 
025_mug -0.1808  0.1981  0.0005  0.0023  -0.0042  0.0018 
044_flat_screwdriver 0.0082  0.0064  0.0003  -0.0009  -0.0009  0.0003 
051_large_clamp 0.1599  0.1599  0.0003  -0.0003  -0.0001  -0.0000 
055_baseball 0.2532  0.2532  0.0002  -0.0005  0.0001  0.0000 
061_foam_brick -0.1989  0.1790  0.0103  -0.0022  0.0050  -0.0017 
065-h_cups 18.0000  18.0000  0.0006  -0.0001  -0.0004  -0.0000 