object x y z qx qy qz qw
007_tuna_fish_can 0.0000  0.0000  0.0000  0.0000  0.0000  0.0000 
008_pudding_box -0.2000  -0.0000  0.0004  0.0130  0.0030  -0.0001 
011_banana -0.2000  0.2000  0.0004  -0.0014  -0.0039  0.0000 
024_bowl 0.0000  -0.2000  0.0003  -0.0194  0.0039  0.0000 
025_mug 0.0000  0.0000  0.0005  -0.0005  0.0009  0.0000 
044_flat_screwdriver -0.0000  0.5000  0.0004  -0.0021  -0.0019  0.0000 
051_large_clamp 0.2000  -0.2000  -0.0006  -0.0320  -0.0079  -0.0000 
055_baseball 0.2000  -0.0001  -0.0030  -0.0337  0.0074  -0.0000 
061_foam_brick 0.2000  0.2000  0.0003  0.0001  0.0173  0.0000 
065-h_cups 0.3500  -0.3500  0.0006  -0.0004  -0.0013  -0.0000 