object x y z qx qy qz qw
007_tuna_fish_can -0.0563  -0.0563  0.0032  -0.0001  -0.0003  -0.0000 
008_pudding_box 2.0000  2.0000  0.0005  0.0004  -0.0008  0.0000 
011_banana -0.2099  0.2121  0.0004  0.0015  -0.0008  0.0005 
024_bowl 0.1669  0.1777  0.0038  0.0095  0.0263  0.0334 
025_mug 0.0047  -0.0014  0.0005  -0.0004  0.0000  -0.0000 
044_flat_screwdriver 10.0000  10.0000  0.0003  -0.0011  -0.0012  -0.0000 
051_large_clamp 0.0994  0.0842  0.0116  -0.0107  -0.0311  -0.0344 
055_baseball -0.0822  0.0790  0.0000  -0.0016  0.0003  -0.0000 
061_foam_brick 16.0000  16.0000  0.0003  -0.0007  0.0014  -0.0000 
065-h_cups 0.2573  -0.2573  0.0006  -0.0005  -0.0013  0.0000 