object x y z qx qy qz qw
007_tuna_fish_can 0.0000  0.0000  0.0032  -0.0003  -0.0003  0.0001 
008_pudding_box 2.0000  2.0000  0.0005  0.0004  -0.0008  0.0000 
011_banana -0.1969  -0.1987  0.0007  -0.0015  0.0003  0.0024 
024_bowl 6.0000  6.0000  0.0005  -0.0005  -0.0005  -0.0000 
025_mug 8.0000  8.0000  0.0005  -0.0004  -0.0001  -0.0000 
044_flat_screwdriver 10.0000  10.0000  0.0003  -0.0010  -0.0012  -0.0000 
051_large_clamp -0.2629  -0.2639  0.0004  -0.0028  0.0016  -0.0024 
055_baseball -0.0559  -0.0559  0.0000  -0.0015  0.0003  0.0000 
061_foam_brick 0.0471  0.0471  0.0003  -0.0007  0.0013  -0.0000 
065-h_cups 18.0000  18.0000  0.0006  -0.0004  -0.0012  0.0000 