object x y z qx qy qz qw
007_tuna_fish_can -0.0000  0.0000  0.0032  -0.0001  -0.0002  -0.0000 
008_pudding_box 0.2957  0.2910  0.0365  0.0021  -0.0038  0.0031 
011_banana 0.2835  0.2847  0.0006  0.0002  0.0019  -0.0031 
024_bowl 6.0000  6.0000  0.0005  -0.0003  -0.0003  -0.0000 
025_mug 8.0000  8.0000  0.0005  -0.0002  -0.0000  -0.0000 
044_flat_screwdriver -0.1754  -0.1731  0.0018  0.0141  0.0037  0.0122 
051_large_clamp -0.1958  -0.1920  0.0039  -0.0151  -0.0058  -0.0123 
055_baseball 14.0000  14.0000  0.0001  -0.0009  0.0002  0.0000 
061_foam_brick 16.0000  16.0000  0.0003  -0.0004  0.0009  -0.0000 
065-h_cups 18.0000  18.0000  0.0006  -0.0003  -0.0008  -0.0000 