object x y z qx qy qz qw
007_tuna_fish_can -0.1791  0.1791  0.0032  -0.0001  -0.0001  -0.0000 
008_pudding_box 2.0000  2.0000  0.0005  0.0002  -0.0003  0.0000 
011_banana 4.0000  4.0000  0.0004  0.0009  -0.0008  0.0000 
024_bowl 6.0000  6.0000  0.0005  -0.0002  -0.0002  -0.0000 
025_mug -0.1720  -0.1694  0.0007  0.0169  0.0089  0.0046 
044_flat_screwdriver -0.0099  0.0099  0.0004  -0.0004  -0.0005  -0.0000 
051_large_clamp 0.2103  0.2103  0.0003  -0.0003  -0.0001  -0.0000 
055_baseball 0.1554  0.1554  0.0001  -0.0006  0.0001  0.0000 
061_foam_brick 16.0000  16.0000  0.0003  -0.0002  0.0006  -0.0000 
065-h_cups -0.1532  -0.1603  0.0044  -0.0169  -0.0092  -0.0047 