object x y z qx qy qz qw
007_tuna_fish_can 0.0366  0.0428  0.0038  0.0067  0.0018  -0.0090 
008_pudding_box -0.1429  0.1740  0.0005  -0.0002  -0.0007  0.0046 
011_banana 4.0000  4.0000  0.0004  0.0012  -0.0011  0.0000 
024_bowl 0.0054  -0.0437  0.0082  -0.0087  -0.0004  0.0089 
025_mug 8.0000  8.0000  0.0005  -0.0004  -0.0001  -0.0000 
044_flat_screwdriver 10.0000  10.0000  0.0003  -0.0010  -0.0011  -0.0000 
051_large_clamp 0.1913  0.1913  0.0003  -0.0008  -0.0002  -0.0000 
055_baseball -0.1370  -0.1350  0.0000  -0.0015  0.0003  0.0000 
061_foam_brick 16.0000  16.0000  0.0003  -0.0006  0.0013  -0.0000 
065-h_cups -0.1333  0.0903  0.0008  0.0022  0.0032  -0.0048 