object x y z qx qy qz qw
007_tuna_fish_can -0.0702  0.0696  0.0039  -0.0053  -0.0058  0.0030 
008_pudding_box 2.0000  2.0000  0.0004  0.0007  -0.0012  0.0000 
011_banana -0.0052  0.0052  0.0004  0.0011  -0.0011  0.0000 
024_bowl -0.2117  0.2127  0.0005  -0.0017  -0.0009  0.0007 
025_mug 8.0000  8.0000  0.0005  -0.0006  -0.0001  -0.0000 
044_flat_screwdriver 10.0000  10.0000  0.0004  -0.0014  -0.0017  0.0000 
051_large_clamp -0.1748  -0.1748  0.0003  -0.0015  -0.0003  0.0001 
055_baseball -0.1342  0.1351  -0.0011  0.0009  0.0078  -0.0022 
061_foam_brick 16.0000  16.0000  0.0002  -0.0012  0.0020  -0.0000 
065-h_cups 0.2985  -0.2985  0.0006  -0.0007  -0.0017  0.0000 