object x y z qx qy qz qw
007_tuna_fish_can -0.0193  -0.0310  0.0032  -0.0006  -0.0001  0.0001 
008_pudding_box -0.0211  0.0345  0.0004  0.0003  -0.0015  0.0010 
011_banana 0.1862  -0.1822  0.0004  0.0008  -0.0011  -0.0001 
024_bowl 6.0000  6.0000  0.0005  -0.0011  -0.0011  -0.0000 
025_mug 0.0668  -0.0668  0.0005  -0.0008  -0.0001  -0.0000 
044_flat_screwdriver 10.0000  10.0000  0.0004  -0.0017  -0.0020  0.0000 
051_large_clamp -0.1891  0.1891  0.0003  -0.0019  -0.0004  -0.0000 
055_baseball 0.2771  0.2771  -0.0001  -0.0035  0.0007  0.0000 
061_foam_brick 0.2303  -0.2349  0.0002  -0.0014  0.0025  0.0000 
065-h_cups 0.1389  0.1389  0.0006  -0.0007  -0.0020  -0.0000 