object x y z qx qy qz qw
007_tuna_fish_can -0.0042  -0.0058  0.0062  -0.0034  -0.0055  0.0130 
008_pudding_box 2.0000  2.0000  0.0005  0.0001  -0.0002  0.0000 
011_banana 4.0000  4.0000  0.0003  0.0007  -0.0006  0.0000 
024_bowl 0.1971  -0.2025  0.0065  -0.0214  0.0127  0.0018 
025_mug 0.2676  -0.2660  0.0021  0.0204  -0.0129  -0.0018 
044_flat_screwdriver 10.0000  10.0000  0.0004  -0.0002  -0.0003  -0.0000 
051_large_clamp 0.0215  0.0185  0.0003  0.0004  0.0040  -0.0133 
055_baseball 0.0023  -0.0023  0.0357  -0.0004  0.0004  -0.0001 
061_foam_brick 16.0000  16.0000  0.0003  -0.0001  0.0004  0.0000 
065-h_cups 18.0000  18.0000  0.0006  -0.0001  -0.0003  -0.0000 