object x y z qx qy qz qw
007_tuna_fish_can -0.2363  0.2305  0.0042  -0.0018  -0.0027  -0.0060 
008_pudding_box -0.2891  0.2891  0.0005  0.0000  -0.0000  -0.0000 
011_banana -0.0730  0.0874  0.0043  -0.0002  0.0002  -0.0001 
024_bowl 6.0000  6.0000  0.0005  -0.0000  -0.0000  -0.0000 
025_mug 0.1682  0.1682  0.0005  -0.0000  0.0000  0.0000 
044_flat_screwdriver -0.1727  0.1692  0.0009  0.0034  -0.0029  0.0019 
051_large_clamp -0.1936  0.1895  0.0002  -0.0012  0.0056  0.0048 
055_baseball 14.0000  14.0000  0.0002  -0.0000  0.0000  -0.0000 
061_foam_brick 16.0000  16.0000  0.0003  -0.0000  0.0000  0.0000 
065-h_cups 18.0000  18.0000  0.0006  -0.0000  -0.0000  -0.0000 