object x y z qx qy qz qw
007_tuna_fish_can -0.1962  -0.1962  0.0032  -0.0000  0.0000  -0.0000 
008_pudding_box 2.0000  2.0000  0.0005  0.0000  -0.0000  0.0000 
011_banana -0.0668  -0.0607  0.0004  -0.0000  -0.0003  -0.0006 
024_bowl 0.1810  -0.1822  0.0008  0.0005  -0.0003  -0.0005 
025_mug 0.2592  -0.2598  0.0004  -0.0006  0.0002  0.0005 
044_flat_screwdriver -0.0271  0.0390  0.0127  -0.0000  0.0002  0.0004 
051_large_clamp 12.0000  12.0000  0.0004  -0.0000  -0.0000  0.0000 
055_baseball -0.0440  -0.0755  0.0185  -0.0000  0.0001  0.0001 
061_foam_brick 0.1940  0.1940  0.0003  -0.0000  0.0001  0.0000 
065-h_cups 18.0000  18.0000  0.0006  -0.0000  -0.0000  -0.0000 