object x y z qx qy qz qw
007_tuna_fish_can -0.2038  0.2036  0.0034  0.0005  -0.0000  -0.0028 
008_pudding_box 0.1859  -0.1777  0.0005  -0.0001  -0.0001  -0.0005 
011_banana -0.0083  0.0156  0.0087  0.0003  0.0005  -0.0004 
024_bowl -0.1672  0.1667  0.0018  -0.0006  0.0002  0.0028 
025_mug 8.0000  8.0000  0.0005  -0.0000  0.0000  0.0000 
044_flat_screwdriver 10.0000  10.0000  0.0004  -0.0000  -0.0000  -0.0000 
051_large_clamp 0.0002  -0.0055  0.0007  -0.0005  -0.0005  0.0002 
055_baseball 0.0923  -0.1029  0.0004  -0.0000  -0.0000  -0.0000 
061_foam_brick 16.0000  16.0000  0.0003  -0.0000  0.0000  0.0000 
065-h_cups 0.2771  -0.2771  0.0006  -0.0000  -0.0000  -0.0000 