object x y z qx qy qz qw
007_tuna_fish_can 0.1588  -0.1658  0.0046  -0.0021  0.0000  0.0013 
008_pudding_box 0.2534  -0.2361  0.0005  -0.0000  -0.0002  0.0001 
011_banana 4.0000  4.0000  0.0003  0.0003  -0.0003  -0.0000 
024_bowl -0.2800  0.2800  0.0005  -0.0001  -0.0000  -0.0000 
025_mug 8.0000  8.0000  0.0005  -0.0000  -0.0000  0.0000 
044_flat_screwdriver -0.1344  0.1344  0.0004  -0.0001  -0.0001  -0.0000 
051_large_clamp 12.0000  12.0000  0.0003  -0.0001  -0.0000  -0.0000 
055_baseball 14.0000  14.0000  0.0002  -0.0002  0.0000  0.0000 
061_foam_brick 0.1783  -0.1869  0.0004  0.0020  -0.0001  -0.0014 
065-h_cups 18.0000  18.0000  0.0006  -0.0000  -0.0001  -0.0000 