object x y z qx qy qz qw
007_tuna_fish_can 0.0463  0.0513  0.0035  0.0032  -0.0003  -0.0048 
008_pudding_box 2.0000  2.0000  0.0005  0.0000  -0.0001  0.0000 
011_banana 4.0000  4.0000  0.0003  0.0004  -0.0003  -0.0000 
024_bowl -0.0161  -0.0165  0.0142  -0.0037  0.0006  0.0054 
025_mug 8.0000  8.0000  0.0005  -0.0000  -0.0000  0.0000 
044_flat_screwdriver 10.0000  10.0000  0.0004  -0.0001  -0.0001  -0.0000 
051_large_clamp -0.1384  -0.1384  0.0003  -0.0001  -0.0000  -0.0000 
055_baseball 14.0000  14.0000  0.0002  -0.0002  0.0000  0.0000 
061_foam_brick 16.0000  16.0000  0.0003  -0.0001  0.0002  0.0000 
065-h_cups 18.0000  18.0000  0.0006  -0.0001  -0.0002  -0.0000 