object x y z qx qy qz qw
007_tuna_fish_can -0.0089  -0.0064  0.0035  0.0031  0.0041  -0.0040 
008_pudding_box -0.1305  0.1399  0.0005  -0.0000  -0.0000  0.0000 
011_banana 4.0000  4.0000  0.0004  0.0001  -0.0001  -0.0000 
024_bowl 6.0000  6.0000  0.0005  -0.0000  -0.0000  -0.0000 
025_mug 0.1125  -0.1064  0.0005  0.0008  -0.0004  -0.0001 
044_flat_screwdriver 10.0000  10.0000  0.0004  -0.0000  -0.0000  -0.0000 
051_large_clamp -0.0092  -0.0143  0.0015  -0.0036  -0.0048  0.0047 
055_baseball 14.0000  14.0000  0.0002  -0.0000  0.0000  -0.0000 
061_foam_brick -0.0572  0.0684  0.0003  -0.0000  0.0001  -0.0000 
065-h_cups 18.0000  18.0000  0.0006  -0.0000  -0.0000  -0.0000 