object x y z qx qy qz qw
007_tuna_fish_can -0.0715  -0.0715  0.0032  -0.0003  -0.0007  -0.0000 
008_pudding_box 2.0000  2.0000  0.0004  0.0010  -0.0017  0.0000 
011_banana 0.2707  0.2707  0.0004  0.0008  -0.0010  0.0000 
024_bowl -0.2553  -0.2553  0.0005  -0.0011  -0.0011  -0.0000 
025_mug 8.0000  8.0000  0.0005  -0.0008  -0.0001  -0.0000 
044_flat_screwdriver 0.1619  -0.1619  0.0004  -0.0017  -0.0020  0.0000 
051_large_clamp -0.1126  0.1126  0.0003  -0.0019  -0.0004  -0.0000 
055_baseball 14.0000  14.0000  -0.0001  -0.0035  0.0007  0.0000 
061_foam_brick 16.0000  16.0000  0.0002  -0.0015  0.0027  -0.0000 
065-h_cups 18.0000  18.0000  0.0006  -0.0007  -0.0020  -0.0000 