object x y z qx qy qz qw
007_tuna_fish_can -0.1998  -0.2168  0.0134  -0.0000  0.0001  0.0001 
008_pudding_box 2.0000  2.0000  0.0005  0.0000  -0.0000  -0.0000 
011_banana 0.2969  -0.2661  0.0060  0.0000  -0.0000  -0.0002 
024_bowl -0.1987  -0.1912  0.0005  -0.0001  -0.0001  -0.0001 
025_mug 8.0000  8.0000  0.0005  -0.0000  0.0000  0.0000 
044_flat_screwdriver -0.0147  -0.0154  0.0004  0.0000  0.0000  0.0000 
051_large_clamp 0.2192  -0.2270  0.0010  0.0001  -0.0024  0.0010 
055_baseball 0.2416  -0.2435  0.0287  -0.0002  0.0007  0.0000 
061_foam_brick 16.0000  16.0000  0.0003  -0.0000  0.0000  0.0000 
065-h_cups 0.1971  -0.2008  0.0028  -0.0002  0.0013  -0.0009 