object x y z qx qy qz qw
007_tuna_fish_can -0.0005  -0.0010  0.0032  0.0010  0.0001  -0.0010 
008_pudding_box 2.0000  2.0000  0.0005  0.0000  -0.0000  0.0000 
011_banana -0.1663  -0.1629  0.0011  -0.0014  -0.0024  -0.0047 
024_bowl 6.0000  6.0000  0.0005  -0.0001  -0.0000  -0.0000 
025_mug 8.0000  8.0000  0.0005  -0.0000  -0.0000  0.0000 
044_flat_screwdriver 10.0000  10.0000  0.0004  -0.0001  -0.0001  -0.0000 
051_large_clamp -0.0607  -0.0627  0.0283  -0.0011  -0.0002  0.0011 
055_baseball 0.1568  -0.1568  0.0002  -0.0001  0.0000  0.0000 
061_foam_brick -0.1147  -0.1192  0.0016  0.0013  0.0027  0.0051 
065-h_cups 0.0922  -0.0922  0.0006  -0.0000  -0.0001  -0.0000 