object x y z qx qy qz qw
007_tuna_fish_can -0.0220  0.0220  0.0032  -0.0000  0.0000  -0.0000 
008_pudding_box 2.0000  2.0000  0.0005  0.0000  -0.0000  -0.0000 
011_banana 0.2639  0.2630  0.0006  0.0008  0.0008  -0.0032 
024_bowl 0.1853  0.1824  0.0017  0.0001  -0.0000  0.0034 
025_mug 8.0000  8.0000  0.0005  -0.0000  0.0000  0.0000 
044_flat_screwdriver 0.2498  0.2503  0.0015  -0.0008  -0.0008  0.0033 
051_large_clamp 12.0000  12.0000  0.0004  -0.0000  -0.0000  0.0000 
055_baseball 14.0000  14.0000  0.0002  -0.0000  0.0000  -0.0000 
061_foam_brick 16.0000  16.0000  0.0003  -0.0000  0.0000  0.0000 
065-h_cups 0.1083  0.1075  0.0007  -0.0010  -0.0002  -0.0026 