object x y z qx qy qz qw
007_tuna_fish_can -0.0000  0.0000  0.0032  -0.0003  -0.0008  -0.0000 
008_pudding_box 2.0000  2.0000  0.0004  0.0010  -0.0018  0.0000 
011_banana 4.0000  4.0000  0.0004  0.0008  -0.0009  0.0000 
024_bowl 6.0000  6.0000  0.0005  -0.0012  -0.0012  -0.0000 
025_mug 8.0000  8.0000  0.0005  -0.0008  -0.0002  -0.0000 
044_flat_screwdriver -0.2176  -0.2280  0.0004  -0.0019  -0.0018  0.0003 
051_large_clamp 12.0000  12.0000  0.0003  -0.0020  -0.0004  -0.0000 
055_baseball 0.2216  0.2216  -0.0002  -0.0037  0.0008  0.0000 
061_foam_brick -0.1919  -0.1830  0.0002  -0.0012  0.0026  -0.0002 
065-h_cups 0.1062  0.1062  0.0006  -0.0007  -0.0020  -0.0000 