object x y z qx qy qz qw
007_tuna_fish_can -0.0089  -0.0051  0.0039  -0.0001  -0.0001  -0.0002 
008_pudding_box 2.0000  2.0000  0.0005  0.0000  -0.0000  0.0000 
011_banana 4.0000  4.0000  0.0004  0.0001  -0.0001  -0.0000 
024_bowl 6.0000  6.0000  0.0005  -0.0000  -0.0000  -0.0000 
025_mug 8.0000  8.0000  0.0005  -0.0000  0.0000  0.0000 
044_flat_screwdriver 0.0733  -0.0672  0.0064  0.0046  0.0056  -0.0003 
051_large_clamp -0.2429  -0.2429  0.0004  -0.0000  -0.0000  -0.0000 
055_baseball 14.0000  14.0000  0.0002  -0.0001  0.0000  -0.0000 
061_foam_brick -0.2240  0.2240  0.0003  -0.0000  0.0001  0.0000 
065-h_cups 0.0869  -0.0800  0.0014  -0.0049  -0.0059  0.0004 