object x y z qx qy qz qw
007_tuna_fish_can -0.0017  -0.0011  0.0032  0.0000  0.0001  -0.0003 
008_pudding_box 2.0000  2.0000  0.0005  0.0000  -0.0001  0.0000 
011_banana 0.2250  0.2320  0.0014  -0.0021  -0.0030  -0.0009 
024_bowl 6.0000  6.0000  0.0005  -0.0001  -0.0000  -0.0000 
025_mug 8.0000  8.0000  0.0005  -0.0000  -0.0000  0.0000 
044_flat_screwdriver 0.2575  0.2494  0.0013  0.0024  0.0028  0.0010 
051_large_clamp 12.0000  12.0000  0.0003  -0.0001  -0.0000  -0.0000 
055_baseball -0.2077  -0.2077  0.0002  -0.0002  0.0000  0.0000 
061_foam_brick 16.0000  16.0000  0.0003  -0.0001  0.0002  0.0000 
065-h_cups 0.1303  -0.1303  0.0006  -0.0001  -0.0001  -0.0000 