object x y z qx qy qz qw
007_tuna_fish_can -0.1962  0.1962  0.0032  -0.0000  0.0000  0.0000 
008_pudding_box 2.0000  2.0000  0.0005  0.0000  -0.0000  -0.0000 
011_banana 4.0000  4.0000  0.0004  0.0000  -0.0000  -0.0000 
024_bowl -0.0386  -0.0394  0.0023  -0.0002  0.0030  0.0030 
025_mug -0.0242  -0.0230  0.0014  -0.0006  -0.0043  -0.0050 
044_flat_screwdriver 10.0000  10.0000  0.0004  -0.0000  -0.0000  0.0000 
051_large_clamp 12.0000  12.0000  0.0004  -0.0000  -0.0000  0.0000 
055_baseball -0.1980  -0.1980  0.0002  -0.0000  0.0000  -0.0000 
061_foam_brick -0.0346  -0.0330  0.0002  0.0004  0.0014  0.0021 
065-h_cups 0.2642  0.2642  0.0006  -0.0000  -0.0000  -0.0000 