object x y z qx qy qz qw
007_tuna_fish_can -0.1198  -0.1198  0.0032  -0.0000  -0.0000  -0.0000 
008_pudding_box 2.0000  2.0000  0.0005  0.0001  -0.0001  0.0000 
011_banana 0.1443  0.1393  0.0009  0.0010  -0.0055  -0.0051 
024_bowl 6.0000  6.0000  0.0005  -0.0001  -0.0001  -0.0000 
025_mug 0.0847  0.0876  0.0053  -0.0007  0.0055  0.0050 
044_flat_screwdriver 10.0000  10.0000  0.0004  -0.0001  -0.0002  -0.0000 
051_large_clamp 12.0000  12.0000  0.0003  -0.0001  -0.0000  -0.0000 
055_baseball 0.1949  -0.1949  0.0002  -0.0002  0.0000  0.0000 
061_foam_brick 16.0000  16.0000  0.0003  -0.0001  0.0002  0.0000 
065-h_cups -0.1386  0.1386  0.0006  -0.0001  -0.0002  -0.0000 