object x y z qx qy qz qw
007_tuna_fish_can 0.0274  0.0234  0.0038  0.0001  -0.0021  -0.0006 
008_pudding_box -0.2341  0.2341  0.0005  0.0000  -0.0000  -0.0000 
011_banana 4.0000  4.0000  0.0004  0.0000  -0.0000  -0.0000 
024_bowl 0.2049  -0.2047  0.0004  -0.0031  -0.0023  -0.0005 
025_mug 0.2731  0.2731  0.0005  -0.0000  0.0000  0.0000 
044_flat_screwdriver 0.2593  -0.2613  0.0010  0.0030  0.0023  0.0005 
051_large_clamp -0.0196  0.0197  0.0025  -0.0002  0.0024  0.0007 
055_baseball 14.0000  14.0000  0.0002  -0.0000  0.0000  -0.0000 
061_foam_brick 16.0000  16.0000  0.0003  -0.0000  0.0000  0.0000 
065-h_cups 18.0000  18.0000  0.0006  -0.0000  -0.0000  -0.0000 