object x y z qx qy qz qw
007_tuna_fish_can 0.2783  -0.2784  0.0032  -0.0006  -0.0009  -0.0001 
008_pudding_box -0.0333  0.0327  0.0005  -0.0000  -0.0000  -0.0000 
011_banana 4.0000  4.0000  0.0003  0.0003  -0.0002  -0.0000 
024_bowl 6.0000  6.0000  0.0005  -0.0001  -0.0000  -0.0000 
025_mug -0.1896  -0.1822  0.0021  -0.0013  -0.0011  -0.0032 
044_flat_screwdriver -0.2112  -0.2166  0.0006  0.0011  0.0011  0.0032 
051_large_clamp 0.1618  -0.1618  0.0003  -0.0001  -0.0000  -0.0000 
055_baseball 14.0000  14.0000  0.0002  -0.0001  0.0000  0.0000 
061_foam_brick 16.0000  16.0000  0.0003  -0.0001  0.0001  0.0000 
065-h_cups 18.0000  18.0000  0.0006  -0.0000  -0.0001  -0.0000 