object x y z qx qy qz qw
007_tuna_fish_can 0.2765  0.2765  0.0032  -0.0000  -0.0000  -0.0000 
008_pudding_box 0.0648  -0.0644  0.0005  0.0001  -0.0002  -0.0001 
011_banana 0.2368  -0.2368  0.0003  0.0005  -0.0004  -0.0000 
024_bowl 0.1125  -0.1149  0.0005  0.0003  0.0009  -0.0004 
025_mug 8.0000  8.0000  0.0005  -0.0001  -0.0000  0.0000 
044_flat_screwdriver 10.0000  10.0000  0.0004  -0.0002  -0.0002  -0.0000 
051_large_clamp 12.0000  12.0000  0.0003  -0.0001  -0.0000  -0.0000 
055_baseball 14.0000  14.0000  0.0002  -0.0002  0.0000  0.0000 
061_foam_brick 16.0000  16.0000  0.0003  -0.0001  0.0003  0.0000 
065-h_cups 18.0000  18.0000  0.0006  -0.0001  -0.0002  -0.0000 