object x y z qx qy qz qw
007_tuna_fish_can -0.0026  0.0022  0.0048  -0.0018  0.0036  -0.0095 
008_pudding_box -0.2494  -0.2494  0.0005  0.0000  -0.0000  0.0000 
011_banana 4.0000  4.0000  0.0004  0.0001  -0.0001  -0.0000 
024_bowl 6.0000  6.0000  0.0005  -0.0000  -0.0000  -0.0000 
025_mug 8.0000  8.0000  0.0005  -0.0000  0.0000  0.0000 
044_flat_screwdriver 10.0000  10.0000  0.0004  -0.0000  -0.0000  -0.0000 
051_large_clamp -0.1529  0.1505  0.0041  -0.0013  -0.0014  -0.0004 
055_baseball 14.0000  14.0000  0.0002  -0.0001  0.0000  -0.0000 
061_foam_brick -0.2021  0.2016  0.0004  0.0014  0.0016  0.0005 
065-h_cups 0.0094  -0.0089  0.0009  0.0030  -0.0024  0.0101 