object x y z qx qy qz qw
007_tuna_fish_can -0.2064  0.2064  0.0032  -0.0002  -0.0006  -0.0000 
008_pudding_box -0.0333  -0.0414  0.0414  0.0060  0.0012  -0.0139 
011_banana -0.1374  -0.1374  0.0004  0.0023  0.0009  0.0037 
024_bowl 0.2640  -0.2640  0.0005  -0.0010  -0.0010  -0.0000 
025_mug 0.2488  0.2488  0.0005  -0.0008  -0.0001  -0.0000 
044_flat_screwdriver 10.0000  10.0000  0.0004  -0.0016  -0.0019  0.0000 
051_large_clamp -0.0577  -0.0655  0.0056  -0.0067  -0.0006  0.0104 
055_baseball 14.0000  14.0000  -0.0001  -0.0030  0.0006  0.0000 
061_foam_brick 0.1051  -0.1051  0.0002  -0.0014  0.0023  -0.0000 
065-h_cups 18.0000  18.0000  0.0006  -0.0007  -0.0019  0.0000 