object x y z qx qy qz qw
007_tuna_fish_can -0.2268  -0.2267  0.0032  -0.0000  0.0001  0.0000 
008_pudding_box 2.0000  2.0000  0.0005  0.0000  -0.0000  -0.0000 
011_banana -0.0415  -0.0421  0.0034  0.0001  -0.0002  -0.0041 
024_bowl -0.0426  0.0432  0.0027  -0.0020  -0.0007  0.0018 
025_mug -0.0583  -0.0586  0.0008  0.0025  0.0007  0.0023 
044_flat_screwdriver 10.0000  10.0000  0.0004  -0.0000  -0.0000  0.0000 
051_large_clamp 12.0000  12.0000  0.0003  -0.0000  -0.0000  0.0000 
055_baseball 0.2206  0.2206  0.0002  -0.0000  0.0000  -0.0000 
061_foam_brick 16.0000  16.0000  0.0003  -0.0000  0.0000  0.0000 
065-h_cups -0.2000  -0.2000  0.0006  -0.0000  -0.0000  -0.0000 