object x y z qx qy qz qw
007_tuna_fish_can -0.1112  -0.0989  0.0032  0.0001  0.0001  0.0001 
008_pudding_box 0.0493  -0.0353  0.0005  -0.0012  -0.0003  -0.0004 
011_banana -0.2693  -0.2675  0.0003  0.0004  -0.0006  -0.0002 
024_bowl 6.0000  6.0000  0.0005  -0.0001  -0.0001  -0.0000 
025_mug -0.1378  0.1429  0.0005  -0.0001  -0.0002  0.0001 
044_flat_screwdriver 10.0000  10.0000  0.0004  -0.0002  -0.0002  -0.0000 
051_large_clamp -0.0604  -0.0549  0.0003  -0.0008  -0.0001  0.0001 
055_baseball 14.0000  14.0000  0.0002  -0.0002  0.0000  0.0000 
061_foam_brick -0.2026  0.1983  0.0003  -0.0000  0.0005  -0.0001 
065-h_cups -0.2841  0.2841  0.0006  -0.0001  -0.0002  -0.0000 