object x y z qx qy qz qw
007_tuna_fish_can 0.0073  -0.0057  0.0032  0.0012  0.0038  0.0096 
008_pudding_box -0.1471  0.1484  0.0005  -0.0001  -0.0000  0.0000 
011_banana 4.0000  4.0000  0.0004  0.0001  -0.0001  -0.0000 
024_bowl 6.0000  6.0000  0.0005  -0.0000  -0.0000  -0.0000 
025_mug -0.0517  -0.0370  0.0025  -0.0017  -0.0037  -0.0091 
044_flat_screwdriver 10.0000  10.0000  0.0004  -0.0000  -0.0000  -0.0000 
051_large_clamp 12.0000  12.0000  0.0004  -0.0000  -0.0000  0.0000 
055_baseball 14.0000  14.0000  0.0002  -0.0000  0.0000  -0.0000 
061_foam_brick -0.2620  -0.2620  0.0003  -0.0000  0.0000  0.0000 
065-h_cups 18.0000  18.0000  0.0006  -0.0000  -0.0000  -0.0000 