object x y z qx qy qz qw
007_tuna_fish_can -0.0000  -0.0004  0.0032  -0.0000  0.0001  0.0000 
008_pudding_box 2.0000  2.0000  0.0005  0.0000  -0.0001  0.0000 
011_banana 0.2625  0.2489  0.0004  0.0001  0.0000  0.0001 
024_bowl 6.0000  6.0000  0.0005  -0.0001  -0.0000  -0.0000 
025_mug 0.2320  -0.2320  0.0005  -0.0000  -0.0000  0.0000 
044_flat_screwdriver 10.0000  10.0000  0.0004  -0.0001  -0.0001  -0.0000 
051_large_clamp 12.0000  12.0000  0.0003  -0.0001  -0.0000  -0.0000 
055_baseball 14.0000  14.0000  0.0002  -0.0001  0.0000  0.0000 
061_foam_brick 0.2129  0.2295  0.0004  0.0004  -0.0004  0.0000 
065-h_cups -0.2323  0.2323  0.0006  -0.0000  -0.0001  -0.0000 