object x y z qx qy qz qw
007_tuna_fish_can -0.0977  -0.0977  0.0032  -0.0000  0.0000  -0.0000 
008_pudding_box 0.2608  0.2608  0.0005  0.0000  -0.0000  0.0000 
011_banana 4.0000  4.0000  0.0004  0.0001  -0.0001  -0.0000 
024_bowl -0.0313  0.0313  0.0028  0.0100  -0.0000  -0.0093 
025_mug -0.2349  -0.2303  0.0187  0.0005  0.0005  -0.0010 
044_flat_screwdriver -0.2276  -0.2281  0.0003  -0.0007  -0.0008  0.0010 
051_large_clamp 12.0000  12.0000  0.0004  -0.0000  -0.0000  -0.0000 
055_baseball 14.0000  14.0000  0.0002  -0.0001  0.0000  -0.0000 
061_foam_brick 0.1183  -0.1183  0.0003  -0.0000  0.0001  0.0000 
065-h_cups -0.0808  0.0784  0.0040  -0.0110  0.0004  0.0100 