object x y z qx qy qz qw
007_tuna_fish_can -0.0034  0.0031  0.0080  -0.0033  0.0014  -0.0003 
008_pudding_box 2.0000  2.0000  0.0005  0.0000  -0.0000  0.0000 
011_banana 0.2705  -0.2705  0.0004  0.0001  -0.0001  -0.0000 
024_bowl 6.0000  6.0000  0.0005  -0.0000  -0.0000  -0.0000 
025_mug 8.0000  8.0000  0.0005  -0.0000  0.0000  0.0000 
044_flat_screwdriver 0.2025  0.2025  0.0004  -0.0000  -0.0000  -0.0000 
051_large_clamp 12.0000  12.0000  0.0003  -0.0000  -0.0000  0.0000 
055_baseball 14.0000  14.0000  0.0002  -0.0000  0.0000  -0.0000 
061_foam_brick 0.0877  0.0877  0.0003  -0.0000  0.0000  0.0000 
065-h_cups -0.0689  -0.0685  0.0005  0.0032  -0.0013  0.0006 