object x y z qx qy qz qw
007_tuna_fish_can 0.0004  -0.0053  0.0046  0.0011  0.0027  -0.0009 
008_pudding_box -0.0601  0.0642  0.0005  0.0001  -0.0004  -0.0010 
011_banana 0.0033  -0.0039  0.0009  -0.0011  -0.0026  0.0018 
024_bowl 6.0000  6.0000  0.0005  -0.0000  -0.0000  -0.0000 
025_mug -0.0868  -0.0884  0.0008  -0.0000  0.0000  -0.0000 
044_flat_screwdriver 0.2390  0.2430  0.0004  -0.0003  0.0001  0.0006 
051_large_clamp 0.1997  0.1954  0.0040  0.0003  -0.0002  -0.0007 
055_baseball 14.0000  14.0000  0.0002  -0.0000  0.0000  -0.0000 
061_foam_brick 16.0000  16.0000  0.0003  -0.0000  0.0000  0.0000 
065-h_cups 18.0000  18.0000  0.0006  -0.0000  -0.0000  -0.0000 